0.9350855397045741
0.9097102648644458
0.5101848575148606
0.7295252833748875
0.17735406560575295
0.3592931979180559
0.9370991802286438
0.6382649170709837
0.8232405897050427
0.25840699592762295
0.4144459580838805
0.15445270121063825
0.5212895159206743
0.6394349536619247
0.3013864040990252
0.829878358219882
0.5350905414757912
0.940949255001942
0.05769037803099952
0.1176052854944507
0.8490004311346112
0.19397076739464159
0.5638579767915812
0.9337365809524011
0.21155287419305224
0.1464127291716868
0.7010270042050867
0.5479436915255643
0.3322847611512605
0.24285302246927554
0.3814922095078048
0.35515699872264006
0.3744657673503452
0.18635004805931754
0.7255461071063617
0.5935120348424744
0.219225627418991
0.27483766910169427
0.4914829343997561
0.742590655025019
0.7158308957229702
0.8267048514199106
0.18299092304404185
0.1611918690823375
0.2783718787638445
0.7884862434460735
0.48179028854525874
0.5053121331504927
0.7408768915280797
0.052159727975989556
0.7832577465049342
0.6047105193079202
0.3408799485276123
0.10036777316406009
0.6489105421263611
0.7703791144229146
0.06572505585503363
0.3449496322475014
0.9320061380907408
0.9554348867498463
0.3663984777390503
0.9274913883434446
0.18114672704309265
0.798393492487494
0.42043813030565136
0.8101717938105342
0.6816599928397893
0.34048250028828564
0.70847677044023
0.7010013991206454
0.15566072323389946
0.12759480755917174
0.658233867381258
0.7296235543761768
0.7090810221368932
0.4826803420259709
0.505278598050153
0.818165606708794
0.0875884471760826
0.9658175580255715
0.32164421800672116
0.3761991545736957
0.6831960422275662
0.4269033340353935
0.37138218791962685
0.28968851232817694
0.01949928412536217
0.5998435183907992
0.566401599056892
0.17087694308233503
0.6358588849328163
0.8873233042047105
0.8164480992240458
0.4893802875983714
0.38948096898363294
0.8416802856786213
0.4938335286622241
0.5143281864581053
0.19922852474641772
0.8600999680879229
0.06653593310678241
0.9632131783394108
0.16613134792668072
0.7812973844469705
0.19254681648750294
0.875178646826063
0.822944558285856
0.39604494584953553
0.2138511704379007
0.5047961680884141
0.9887378457013133
0.36535111527940745
0.04018244029826634
0.9669542324443184
0.33438138440968135
0.6777902990551944
0.8707035981909591
0.9542993870145003
0.30092643580212497
0.571429484356067
0.06602260148265326
0.0957421043771084
0.4552620049056294
0.7959925244421238
0.753458222921841
0.4278596066284833
0.7160610054925731
0.19734824250752414
0.4252309790845523
0.010598194105884695
0.13791324854766118
0.8691036905865359
0.8722601845064462
0.9344978216824289
0.10267438388936412
0.5350297066302366
0.28550763776288446
0.8387326419756251
0.8344431521617659
0.40124048323848294
0.25231490389730715
0.5875802671061512
0.12821251367069475
0.44849505659087185
0.6769396911892777
0.9375043869768007
0.062122010926035975
0.022682822889580012
0.3625045980763534
0.86785425135534
0.24937275895586242
0.625501892256884
0.1058289155286476
0.7452559185713036
0.8782482562279504
0.007532991707424497
0.6771224481179521
0.645089848544591
0.3873176436522773
0.02235793004516351
0.9832778391980355
0.9630198159435427
0.12778053174334714
0.21306671733530247
0.04650576960628572
0.9153588679929339
0.776045497105128
0.7714422138441926
0.16931528748138036
0.6491278395158528
0.5770170739059524
0.3353074710659727
0.8023492403531955
0.46098224041268
0.722198951168445
0.0709651890881069
0.18334269212873888
0.058754431077419844
0.29660371527788754
0.6253550181061877
0.7734797507273901
0.8901770978081495
0.26459271337875034
0.8264987391666127
0.8816825841018862
0.3104253799152895
0.9071517436498899
0.4609997084087377
0.637873655869664
0.7634348576784562
0.9717418658238421
0.06380739138813185
0.6530102294175225
0.2115229376019564
0.5507468385241194
0.4181536277450686
0.2866982111718661
0.7636614917333621
0.3656718089140969
0.3825123206713449
0.43244989330524375
0.8248190850518345
0.7016305189739644
0.7366299112307394
0.12615808205296764
0.1171112077599914
0.7102913604191601
0.9701187695866339
0.08511698320414451
0.608067556498274
0.1793350190599149
0.324801435834321
0.49292815061642736
0.7221449707185783
0.15260985330592658
0.9459387587917607
0.9598870566263122
0.20868642086097178
0.9775531216534632
0.6976701717302608
0.6089543074343285
0.6928447564289084
0.45507997370867714
0.05443996725360056
0.6641732349837235
0.24556219023389014
0.7720240829149375
0.492878431378054
0.7514027879408085
0.274515284300597
0.8073471602155343
0.9775521273090435
0.36049331488060565
0.660006652466503
0.22071699201271466
0.4591931993307
0.5635400471540637
0.3381039511055085
0.4556870301306194
0.7854621641341724
0.13560730585449077
0.46789792655970674
0.4195925567686847
0.06199496791930004
0.6823237694623515
0.9105707047948784
0.1384121232826514
0.2954294172242493
0.2430074832801472
0.9950367962881824
0.12722502489586318
0.10030213515690367
0.10848679112643556
0.4482386474146711
0.5655290490597619
0.35815212129955687
0.2695413054400072
0.9277496047037097
0.6215649558415435
0.9798623378543956
0.99489470359725
0.8101570390665063
0.4309273942964881
0.3412163426785906
0.526949156815404
0.7607689809980581
0.3021245156489796
0.5368418731490792
0.7789588631471627
0.13850764842988061
0.6953816043525913
0.329158824205134
0.21909788500042782
0.474423734534018
0.40086636002828013
0.5566445888893278
0.8348857015734871
0.10308578651689204
0.1286471577567595
0.809674584593426
0.1856911768713001
0.5231688969505542
0.4150772937617677
0.3823913886253818
0.07154374309765354
0.21688749816641317
0.3489321647984521
0.8655011797633647
0.27323850882287604
0.4674876122290945
0.12550818141641396
0.257591575187466
0.15172948298901145
0.1798336295507339
0.8480257625950148
0.14151003244570348
0.6340633963302114
0.8311955799554539
0.3130610963229301
0.2975374542727913
0.25861362989422276
0.4576627006870354
0.7403644295667369
0.10653699839950637
0.5041327148997038
0.01617978891730809
0.5373052051458648
0.23395325065925954
0.5851484874216053
0.5530231447645223
0.2243175843964007
0.3794824786642683
0.26048773571136075
0.3566024921408798
0.5901023228502247
0.3274296169064044
0.9722182973363532
0.6757968954336401
0.9939737190658668
0.1392132387383882
0.8090588342812167
0.6446017060213326
0.4876238663569683
0.09217521184448152
0.3713133124654123
0.7696847572083343
0.0897081553747604
0.8877964601732364
0.603644418587906
0.7095197434440802
0.114039880922568
0.7276162785349524
0.057509131095295096
0.10208559228184344
0.9258138309959952
0.0865975670763156
0.8468358934313814
0.8826905345602867
0.8801618600844086
0.4013755872445667
0.7685324409412211
0.874299960072657
0.48347642054003925
0.43477334393997735
0.6736694980404284
0.42981762509337285
0.010320368483346276
0.7781622021075093
0.19569447350287272
0.5590899075250035
0.9073748177030481
0.8096909708677779
0.36878663253128985
0.2829733897729677
0.3207588382279075
0.43910296763123957
0.5024732349287622
0.922625792349662
0.994188455334121
0.13880481298990155
0.917883547486952
0.6542514029271852
0.6028245406608694
0.08604719607223066
0.796526149480628
0.937851710569589
0.31129245224390667
0.7225218956135412
0.444231989907668
0.36310267519301886
0.9742384990734763
0.6753758169156864
0.7309140103565043
0.046300507413703174
0.9339222349531643
0.7775873729084402
0.3310517766598142
0.9593873481984458
0.8117248897426139
0.8758460150000258
0.6603174194784612
0.47538989076925675
0.03908848164247736
0.22052136125774036
0.08051673221146494
0.9741728318475142
0.1282818831007133
0.495002998499824
0.028027572128560885
0.5682305740820696
0.8445238055337263
0.9606382141063445
0.2101751927497788
0.8803099984137496
0.508374628875898
0.7686895582295507
0.9094918453327069
0.33297804987144264
0.6309425241534181
0.22217957218403128
0.7375662675994232
0.5948181424016702
0.9643319123290511
0.6581855139672108
0.8881959490183842
0.6687589132984468
0.8358945964323524
0.6650924372988869
0.053813186696999415
0.6051106258555521
0.3272277889223465
0.5495072994782956
0.6896637917499636
0.975203254998016
0.45749500703649415
0.3239835663253888
0.23697488778779185
0.051091851020007906
0.035529165752373526
0.9993997297850845
0.2493562165705393
0.10261425868037755
0.2563100300608254
0.6347813069228343
0.10593725405619181
0.34515715965655536
0.43479076374227166
0.4225509250680253
0.14024993011732667
0.8498061725349633
0.4936812864025921
0.06863626846599769
0.565625044097409
0.16212674050499476
0.9516788834114202
0.864561458718173
0.5358778177924917
0.4666420209103297
0.19476933241952565
0.14259195717428963
0.044316006898207694
0.8811450324350608
0.7556048047200699
0.255199337226766
0.13461203521166654
0.8683023370619415
0.17459729930868295
0.8265567316683996
0.07383808217325005
0.8115765781173003
0.7712493853684951
0.7864717229687282
0.7209709122498279
0.5183160822756697
0.3153767454945783
0.6161082153912744
0.313431424593944
0.7849296443952855
0.15526008292882365
0.31004483620282186
0.2897311120608568
0.18738487569666729
0.833396159505865
0.7906615742764788
0.5680560106953447
0.9448391378828215
0.6004014660002229
0.8985433869294941
0.9086261484456842
0.045032169558049895
0.5237538211438225
0.6265327290455667
0.6019263956346548
0.8171396923840019
0.08044074523940425
0.9652604439379199
0.7454126666924357
0.7911081886652409
0.2212161811282266
0.584427813659959
0.7980547585664824
0.9920603598022233
0.8990492776984153
0.5868093375524457
0.935085554010577
0.7841822017751829
0.9654829380326339
0.7408902994862467
0.9645834685322761
5.721015109791949E-4
0.15600144866181176
0.9232487194767705
0.21302332193537843
0.37385314489195065
0.609140114255691
0.9832367465231264
0.8386884809924479
0.21691960871009064
0.9939523239994345
0.8802118025513657
0.48984480447295564
0.8940100374580976
0.8565823321922422
0.7375126086994663
0.0888348341515075
0.8693680005396827
0.2390749035321761
0.4075716116276268
0.7937586367139484
0.024073353024302246
0.9721856445049071
0.24899933026319454
0.8661652497309155
0.4911965170714315
0.2988387782088956
0.07917276918535554
0.25618658003783557
0.47524847990284325
0.6460120526046795
0.6848039889071521
0.20580357672655314
0.39396989751042244
0.4302108651296751
0.8481616543476493
0.06644210648188498
0.2088228282682385
0.7553270448894776
0.5780625661894099
0.8288538369363597
0.9951187635150188
0.7415600157629939
0.12244589850405152
0.5712453307484764
0.6435374435390971
0.0102113708055791
0.3832885255772871
0.1458762755189078
0.08186042067440158
0.5415462831507241
0.5548144526990085
0.9448556055672501
0.5590647346585841
0.7215482407198459
0.16239729438483175
0.5126219725805896
0.3434912415889865
0.8982763975793634
0.19224961467958313
0.1056031892607846
0.6526233782732205
0.17966738373450475
0.6709385459998353
0.03880666654354614
0.7540818722300232
0.522006661194503
0.8789622433088906
0.8046008765471608
0.9557615529420037
0.3819269820690362
0.36406713944046676
0.5007056656669772
0.6376064771776505
0.3346743267492073
0.05768127256772204
0.06241720259379446
0.5683400933667953
0.0975148917891977
0.09178411344869664
0.15835065493615696
0.49753740697474114
0.33953888703014123
0.36372895401649974
0.3794923274227291
0.41674639840099026
0.507750354772246
0.5029788529309153
0.5281098351075375
0.942936302030134
0.6542145264166362
0.6564128579836418
0.3960777114928733
0.9933706455745164
0.910167440325032
0.4278039665139506
0.4114326407085206
0.2930732174742655
0.8203749301485325
0.3822662933204789
0.9274811887482733
0.2843755407729487
0.22466147349809817
0.7579137173554048
0.73054022791112
0.6926046716420872
0.753411590999279
0.41466773640454657
0.5503981679782947
0.3427905523117568
0.28997972576535336
0.5940976279329037
0.9718430014298368
0.8193421206298943
0.9453271591074184
0.7643712645075208
0.16611079974680265
0.21396234233121203
0.1888374984525848
0.6808402872156915
0.28786649802284014
0.516641918063147
0.7841447585960998
0.8054786512648473
0.2163359365937626
0.1703922478954225
0.0899411651570271
0.3973387350740063
0.5584667839880663
0.9324482699724881
0.10311471987619802
0.9113847691860432
0.4775031798739666
0.46299229375302464
0.3451988788581529
0.8245084746814106
0.9621166469804269
0.9970200725516851
0.3229999567364892
0.6452271730095595
0.609244578543787
0.045790864814482135
0.8304008005345476
0.6575097187335092
0.8580438513004465
0.3213732544534106
0.8007211912472993
0.8993715758964084
0.882876788972923
0.9811193638413285
0.7676497114492262
0.9833247041713942
0.030002669925295766
0.8484695635506512
0.24764315872352916
0.6284640848158626
0.7656573132461069
0.48231109416101114
0.5178233369270334
0.19291762907918264
0.592460029487766
0.839183322962113
0.33078348006121017
0.0705815122366591
0.2865957516916052
0.8009435662428063
0.08134965356841506
0.5475083966212763
0.10997736971544181
0.02507710371999372
0.8202248047022733
0.6010113084798496
0.35960166474973965
0.4156555052013623
0.295576515173785
0.16849126520329172
0.7305696354920054
0.010017891032553683
0.8960120233003935
0.6131918730531856
0.4897500022700054
0.22956982511856783
0.9670167277617436
0.4705298206902889
0.383822525404669
0.2526647883774028
0.47781565253149205
0.07134496068653218
0.5384454345796901
0.7333538845032064
0.42674978229550087
0.3073595412296014
0.34454927337863905
0.21185941169484301
0.690642244898024
0.6293311266527151
0.4732669829968261
0.34094807271225314
0.24726171077688852
0.34982899053228333
0.7127682884282852
0.4869505916118886
0.8298738721943676
0.46025957691600694
0.27827390415077036
0.35499412360966587
0.10900404335431524
0.4657111411284771
0.6107828173672077
0.035084290097143644
0.4389170809970291
0.19138379237575032
0.45055441204775815
0.26899451176032774
0.05495342896159572
0.12081594540710305
0.14814384374816691
0.7974899843987121
0.3627432421871064
0.5888137637561018
0.7587982145964662
0.3632339623565455
0.6214528151776235
0.07093533558020826
0.45527769334887436
0.3167951920751171
0.8906010430460148
0.8865767055982954
0.1896743516733863
0.8014943333172135
0.5836156976697531
0.8641521950654715
0.3365592241984823
0.17739874177089687
0.3511827682604367
0.9045569145430538
0.2577952443878162
0.6855943999459458
0.3035745956811803
0.92304411734875
0.34361233223109
0.3509346349102067
0.7735253195431733
0.3498463646880652
0.10504858418730256
0.7747854355098389
0.9198550925618361
0.22631357677655428
0.3196184940989133
0.7788572743234455
0.47692741904018454
0.9460373087051835
0.06507826203598555
0.827034051069941
0.8661564413408882
0.8593755881106557
0.7154150409785318
0.7741796889134035
0.7031641622973337
0.28498772499362646
0.6186951392922332
0.7692235381023788
0.4578203202095251
0.9534341291174244
0.228164145673181
0.07439579114626649
0.654280179692606
0.5455914830508596
0.9159994789162046
0.15330484196509186
0.5342688049673436
0.7825785594862982
0.563373881568378
0.6276179910001707
0.5492426391625437
0.4740839555787325
0.29099608450289016
0.6054285513101544
0.39569267391443574
0.038431392306362055
0.371052656118812
0.4439612404095472
0.562735386381572
0.27041464403274995
0.4444831685591448
0.22508908365070013
0.5222716859372025
0.5518784651309273
0.6567780272465006
0.09420512241059109
0.7593754775746965
0.2752178069023633
0.2209966606219328
0.14131220631327235
0.8142076715985086
0.9814129190131533
0.21846148099962748
0.6877649025639038
0.38663321485773494
0.6019126201772653
0.15559059665669317
0.6829175572723498
0.3408519513203345
0.23762435291756523
0.9095902012038005
0.412002985496289
0.13973721495704394
0.10846392634279733
0.21623557600452437
0.8698867612054896
0.8372081812398627
0.6633639732946457
0.7797271039813443
0.96491180589646
0.2618454647407107
0.35333484058913
0.417615830459549
0.18286906603615738
0.4360919694637979
0.23911745640063975
0.39305051804765334
0.46319972346650873
0.592763708148658
0.43016257605113295
0.2321066011725158
0.8178552070613962
0.3742285048628917
0.3331165443154295
0.8757145079887374
0.657810943713314
0.9294926469448527
0.8256886152025629
0.9737130012613493
0.8830511035564381
0.660569399570441
0.765720607952876
0.49281140769350007
0.5389106839044506
0.31188474108552056
0.6954745370674198
0.5807513669207083
0.24498253453766305
0.9451099500738236
0.2075995928972595
0.8057176431012698
0.6623670307558723
0.0966922922922363
0.2019347838342952
0.473054744297842
0.9808618546836295
0.07648835333897064
0.18124927588640938
0.7106039420515461
0.7797606272195412
0.9332878871964333
0.8092173859639177
0.4094834031680973
0.6442483813833174
0.0866475687667786
0.1853705532489588
0.9088915542888627
0.6039533294644742
0.0043383546529791595
0.6794644285646195
0.5215218682151695
0.8010333574491154
0.590841742400968
0.7116435624564474
0.6104353186394118
0.7922473663001509
0.14471375317361834
0.5649827789370314
0.9487435601151307
0.5427808447922121
0.8412680108462629
0.1734281122285456
0.5202152823687154
0.4791658813654307
0.701912222702961
0.8408569996237577
0.751924365865972
0.9344559676879838
0.9226048935112432
0.015921647035218034
0.4093175830771194
0.9408864722883116
0.25128243275465656
0.5725352425368235
0.02958647643085266
0.6035715107517501
0.8277389325503497
0.5273060500707467
0.8209863949999433
0.22335880830535437
0.5293245430868188
0.7629195940132284
0.4137535056629905
0.9277841635926205
0.4019603346339774
0.12041435408123924
0.7125277320254481
0.8161373817525598
0.19835101405356903
0.17349207615333162
0.3706984446472219
0.5279719015535417
0.3939092962728792
0.10444873117576503
0.08384660382365028
0.7039610784135499
0.3057886223960179
0.36400752842324346
0.9824653834697793
0.0238233996244962
0.10155395309033077
0.21628107687190912
0.8933988612915295
0.3781105103781345
0.5514026992345888
0.8452845376230448
0.13494651729841267
0.2589709912887058
0.3514812696898294
0.43086734343904665
0.8123385795071442
0.6395742972082104
0.7257250279823894
0.48962606488510363
0.2882955550489168
0.45269835996143304
0.7997823544041606
0.820306826031417
0.617642768883619
0.27605593196807376
0.9329667542176591
0.5934002598014756
0.2554587718487096
0.9852540649992985
0.7928130610881886
0.4810778323457868
0.2749941360556507
0.9448519485295133
0.4616972013426187
0.23631360953355862
0.6646050247391984
0.7738024401170002
0.27611145909875445
0.7989806934266187
0.012203662837751428
0.8436331235663115
0.4165701303312639
0.8319069055524068
0.0312359057723538
0.4460427799248349
0.4897532198885496
0.5713197773215319
0.9339536428304918
0.0011596904188456714
0.4743786577683914
0.013805885290230968
0.615757404097295
0.768528404577971
0.438426329993997
0.7558553663524282
0.9786431749819596
0.2699619182638031
0.3777199756016326
0.2522572027148451
0.4922940947301101
0.0367165406026172
0.3745061117887828
0.8660567542312612
0.26811656741618306
0.3530171455284117
0.02955121346865086
0.8454815925581657
0.5045273969660707
0.3837804365266809
0.7824122821580337
0.28218807198633467
0.15105664338515223
0.44645485195219836
0.30191765407650284
0.18037500887039415
0.03433895738036785
0.21521506116199485
0.6025286355840144
0.9977576699368884
0.4908234846125755
0.33032064216884094
0.9221345456377732
0.40708914814557273
0.7590404694085282
0.22626730397680395
0.6829672829640139
0.5708626615394016
0.9985206113365858
0.9894306730570598
0.049703833599190506
0.9220227858906559
0.822971036606704
0.7092222563735912
0.6974581891134891
0.29995965750904974
0.6620691268689491
0.09634752439298577
0.40724694390862726
0.30375474828792093
0.09924378646376653
0.10757675408125522
0.017645515592041083
0.893593005467103
0.5720715950099972
0.9385090972070155
0.07873496240793054
0.5964503278024692
0.46742223836836627
0.024131215584334176
0.2780719364883828
0.15361195839847142
0.695246722029216
0.6215414127177188
0.3382973947515522
0.08527173341664385
0.28290846787901947
0.14003135167905967
0.6221322028338804
0.44140760288244774
0.39621602295484626
0.6307868738940701
0.12289088869132891
0.9583246004099537
0.463823697560253
0.7517906693202276
0.8672772201383709
0.9467012758546571
0.7584238046527497
0.08307897427727462
0.01210887215938039
0.49967105350877905
0.8711629616520943
0.8833253672004119
0.07774980295913014
0.028415412621973224
0.004971667789636203
0.25079497886056035
0.8284137944632811
0.7079410279494858
0.9080048697167133
0.18003249407144173
0.2831334082495979
0.14715816000763904
0.570148912314973
0.19021768831807595
0.22107281226676667
0.48507312459018515
0.5135577961545338
0.041943004502573045
0.3309952423667314
0.15885303262447814
0.6224399069956377
0.5562372823900427
0.8470784065044517
0.7897158467979964
0.9778238262074272
0.7029805905358546
0.11190470820746823
0.9890448045924034
0.08978981508821615
0.9354251360262648
0.012335047575303348
0.399820934831306
0.2526615096698255
0.21335785687789477
0.6451086395072326
0.9574130264568184
0.4879097590347523
0.2795101645108893
0.8863933279081236
0.17895978700491122
0.6850288646840723
0.5321409341553655
0.7631445346401275
0.2720240690514749
0.102402898223234
0.27128933040020053
0.6540126717932004
0.9908942437732874
0.3481878095007216
0.18701365828919547
0.38367305068923063
0.46285355344895884
0.3254926293584919
0.7050036061038177
0.21683378080306237
0.6569330741971533
0.39665127831558666
0.20827295440717286
0.606810917972572
0.7741096738615972
0.19813379488893235
0.2132103469382477
0.30844243878655864
0.6006052397628986
0.12065411710786267
0.29408617337029697
0.1262456773542442
0.7848892651853777
0.45828878703761167
0.9221835547476758
0.13610543987842527
0.07418152088920882
0.6259294402742196
0.41404208638782647
0.6924132738663515
0.7776976659420561
0.6461492168162365
0.8678732774935908
0.9124603007614637
0.11157527561664482
0.3145711342012557
0.30802648696204105
0.6160201101369253
0.6243633863964372
0.06708471519563297
0.25445527473083807
0.8904397068880076
0.6021540275732226
0.5927641960217892
0.5874536660534044
0.5501903323791911
0.20887926590335426
0.6631001244071353
0.8875023359327276
0.7647121676332883
0.12999292838323306
0.4811639140723445
0.39588538770998394
0.03952004929486341
0.6567010771072681
0.09358201324908677
0.3638082847252454
0.5529200014507295
0.4731012328188011
0.05370531752698793
0.8360679381478187
0.5743194131090448
0.8900348214647567
0.576116199055997
0.8498962869609913
0.31999593973726614
0.9071533757538093
0.8806239538789357
0.6204191809998929
0.13832404702256784
0.27864412819823203
0.2881572474574512
0.5312422796260553
0.3588395673362652
0.7082554837458787
0.9014694291956685
0.6519964226884087
0.488156860058068
0.40570894899709153
0.3803312973081905
0.06424508635639248
0.6906348660344027
0.49927890285545296
0.40389276236839444
0.4929765512514358
0.6528216963327195
0.218266699804319
0.9021533532798099
0.612974416536516
0.9980902503434287
0.33429189590264563
0.03398902553449956
0.9276795580524355
0.39150983738218326
0.08176721336809678
0.1909404903530425
0.3027277847658483
0.3548819968447229
0.6656206660877977
0.01397640385021126
0.07716686845083587
0.5980009312285677
0.508272616643541
0.5247020605470117
0.17242791274399927
0.36458274696021864
0.5880709868362806
0.992992796614829
0.7724454940046064
0.8899392252559198
0.5778336680874756
0.08978815985990574
0.9578916727120523
0.5723560067793387
0.004841840662649588
0.2067915772114841
0.14330954404171803
0.8712666691354689
0.3225735124691641
0.5640776916266157
0.28800175452151644
0.2626980183317158
0.6096621457490048
0.8721172389850124
0.6298501166220178
0.8060938915240078
0.5930100678649485
0.8664873066195319
0.12581265936040953
0.006508261211467525
0.8296818612739594
0.9915427605887387
0.8736648459560825
0.692290594425893
0.17614868046254972
0.8735821612172713
0.5366217477227151
0.5707699067887371
0.12364875135274489
0.994549410470176
0.19579852118335295
0.9730761975786968
0.18487589676453042
0.15407027315642619
0.11503699680474044
0.05412113373697869
0.27990203156963034
0.8906306526640849
0.6184458077069533
0.3748923885116987
0.9881857876509953
0.02196120012427405
0.6530727239058421
0.36159912630059976
0.6087142152160866
0.860201074728573
0.6374474934380779
0.6098386565064111
0.20177002406832112
0.45917063444302175
0.881304089101438
0.3818374330634411
0.17351224165484147
0.4590918733328071
0.20261143270838022
0.930951966919426
0.5085030419464429
0.708351959478489
0.36511222236163954
0.4799983362793522
0.45550944979241814
0.8624139598930524
0.6128894239387328
0.7786119595705808
0.32835338435277794
0.5867362343639348
0.8880507064270389
0.169721304406117
0.09627914380417335
0.8235699460941284
0.28344121617453455
0.0063530735258923166
0.6072525957382189
0.8217616452213536
0.9043651190539489
0.07736866381392116
0.6128016046670725
0.27419639206795954
0.5916172605555436
0.4243642443707759
0.2444529276466313
0.9592737032064248
0.8926963584900535
0.5618502105101341
0.22951533189712103
0.7408174206041206
0.2588907834322236
0.6489582692069945
0.9279050593799323
0.645077637341379
0.6929996867607646
0.6033072645522416
0.22190395926475703
0.003991057812310572
0.9757710579669019
0.49629144821595317
0.3971869663303146
0.33062395698816094
0.15870993895575947
0.8239382530691536
0.4161500386670548
0.6757294110622385
0.22672889051598277
0.40861492001894695
0.4035155045501453
0.7036086840802125
0.7061849150523823
0.7542463171121421
0.7393870688748216
0.6209741414783989
0.5221654014193918
0.6513391713949094
0.8863715984019402
0.3942692076135179
0.5934576334333821
0.7079907227818278
0.9650808068712448
0.3989082300565153
0.494455645484714
0.26919256489156407
0.1362705179025584
0.7581574318785863
0.010328993249093532
0.87912314554718
0.048071260851909936
0.1498855617343524
0.5650982337485903
0.03975558095736176
0.9632084380778224
0.7861709846694995
0.3118320984762384
0.5239898705954644
0.6938066037685281
0.6037593190330945
0.14000195791045167
0.9126515361737197
0.1403165359737094
0.44262419420460264
0.9770991426229424
0.3420816263296199
0.05630026492515816
0.13539062764560705
0.5399410782100554
0.6726756157759788
0.6422537058816102
0.9821396233467077
0.12566279983613982
0.41861187778515807
0.7093422075412639
0.04311855734648384
0.12321023889099758
0.8151428106792388
0.447869528403412
0.046141936912613146
0.6732225370732238
0.3422049320046193
0.2854961787816168
0.4759728386438141
0.3075102920420586
0.8717365897469077
0.926668328044742
0.5897348087034231
0.4589077409400485
0.36097531544103023
0.4274136048912549
0.6854105550097616
0.44809640374048854
0.6751391582884482
0.07860584320341846
0.9397425769902422
0.9260686624530097
0.6902793656464612
0.9459956720663489
0.5273579103395694
0.7792196264315384
0.3007247833468656
0.14674955930828426
0.5346975413512478
0.18862629101634598
0.3354205345700345
0.32993489899853823
0.390338473037117
0.8758930506980273
0.6735973571373888
0.3723342811295326
0.14755445313252036
0.5650128239740618
0.042589531985994356
0.0011673021393322491
0.9754691379376703
0.3430141003338588
0.07925344822988956
0.9117436597395749
0.6419132041873433
0.9117334034433576
0.24132054560587046
0.9607663776657527
0.604104901992149
0.6888739125119243
0.06615200438590974
0.18494955561936377
0.5625311097041615
0.3385809432511617
0.09174482285753804
0.7198103513711004
0.9789139705950342
0.5900851359923082
0.4784721280061971
0.174939916136317
0.1109059760424238
0.1375349039451652
0.9999229626439137
0.6597537490986685
0.5741641042157253
0.004959603251292188
0.607340155154844
0.44766684772308163
0.3067112823312733
0.0073755034248252915
0.2145369710960937
0.21683464208473846
0.08100181907301662
0.8423668145963052
0.6988070195316745
0.9120458515559271
0.38586451028811886
0.9060443180212879
0.3682234370842541
0.535048761389712
0.5835054185677282
0.14310460819092707
0.3068575868443897
0.5895376720940054
0.7360101819800495
0.11278293293504782
0.07682911246911606
0.48222178362964974
0.3912931637393573
0.9808134681451525
0.2297327844899265
0.9128437794323345
0.9201987070403508
0.33208055960739513
0.9598700665927832
0.17371098963765197
0.7044679841448783
0.5394653603072884
0.01784608533666765
0.3232470465884504
0.5895420253683791
0.9214620330653054
0.6954757819481397
0.3982675759156108
0.5366797915563986
0.07445860006675342
0.2915754759907615
0.18612850111455226
0.3356279440371762
0.5751472930803379
0.9730992338657458
0.590590872659831
0.5720867010182495
0.714349902574472
0.3572120585562608
0.2941917792103139
0.7834737148528255
0.04561382923642465
0.45727449252077323
0.24510569606698662
0.8819964824305424
0.3102549036232971
0.8593467813507847
0.4779262734868912
0.4758004905196106
0.7350931713953731
0.12570270383440252
0.9154940514510078
0.6769693758364124
0.7899484431561846
0.4579763507288648
0.09284020767653
0.3494099136601352
0.23903257037883785
0.5949482632437075
0.19451260114187818
0.5201636904375301
0.7236956239730696
0.7686095587043625
0.40299514352836485
0.8544439923567257
0.17355355385261173
0.2970258079464486
0.31862688272894024
0.6777052087563955
0.05884534738610292
0.053655443602564246
0.1303729222168134
0.017309330198760353
0.8689379583396107
0.6201596851326093
0.2919937884772361
0.5318618085194105
0.2302171074261984
0.4033744215757946
0.6896063592386427
0.9980474978015976
0.7611733831177218
0.37699706570147984
0.6743233287323847
0.23280450994376078
0.10331245477790585
0.39467367955328614
0.8776050005989164
0.942932129494009
0.563588748885274
0.21355587668838494
0.42715115288961825
0.014736293946880696
0.45738267945536226
0.46602793020623967
0.03760714750319227
0.1830745395903678
0.5506114226625657
0.8221889230655354
0.46305290289654577
0.8521696083888842
0.9653834006900175
0.4968070206644919
0.967189330696304
0.07981879212178966
0.5356774486289755
0.07184517097542287
0.7923316866007502
0.38213436235215437
0.8778477695050805
0.3292915626209493
0.0897647024354219
0.06770754905589749
0.3753255193496423
0.4189098685350434
0.4117100513855887
0.26809703499583215
0.8677093971304752
0.22165771048175564
0.659101251566245
0.6958000704636607
0.08150648786156556
0.21190448371995074
0.32955742503034324
0.4313727511434582
0.7431061559397094
0.4702124414628668
0.016391466152206324
0.718123415991502
0.8741393456457521
0.7533276511786833
0.37218467990956783
0.8258110171967359
0.9851962119316025
0.6891605760497097
0.16940440127961331
0.5340382732511832
0.7559452359872632
0.23191850236733935
0.6657366161044261
0.681536857774961
0.31801759190046963
0.4861848852700177
0.21325154552060532
0.5293004550350848
0.4415902563864349
0.8886238167240044
0.9382140120902894
0.39352817333295365
0.7674223388439055
0.5221202624261996
0.3622977789529753
0.11859972193738677
0.7231688206888001
0.029549675368808814
0.03615618013441524
0.4808109772006539
0.9161167003127926
0.19300349200184774
0.6127484958437736
0.5403565178033515
0.604058476158018
0.7491795840405417
0.3005155484081087
0.29205341425360254
0.31183850011022685
0.42277982435674266
0.3054442668521269
0.7045586247645041
0.7831777002901791
0.4771396946015364
0.6962553336070567
0.38333994398598503
0.2357029815817956
0.3049473301314144
0.10839434482618981
0.6444183327324888
0.3216775055385661
0.7117927863479474
0.8402014908081105
0.7439071489890073
0.28774832505796
0.5814206676587104
0.18858011337817826
0.372631928943724
0.5740987418256877
0.5539421058437134
0.3216805482485895
0.2956219034057672
0.49671217984504457
0.19689533416098048
0.5925598344664668
0.1930222141863417
0.716025679142507
0.9039262273264249
0.960474163579095
0.34198380194964695
0.9110703462703597
0.41699356464375037
0.10540587612508723
0.7683457544439867
0.4502675440448436
0.43538635277835724
0.8966218081102297
0.8924324424963577
0.878368910925056
0.24847325473829684
0.10750581382251245
0.49504589496292706
0.7235991809427377
0.7089871913591461
0.6566029594965941
0.0377414255837607
0.4698811568747533
0.14978109375573956
0.19875845993019137
0.9857327462881509
0.5360919382980498
0.0393728000404624
0.5904298890034935
0.8022798351929483
0.7576203955193471
0.2702313363591281
0.6096961477274959
0.7101716535626397
0.17506616669292274
0.9786382792700049
0.3241822971398528
0.148922699066259
0.9007399599156531
0.7060911383458152
0.6690645851938658
0.09556093395239951
0.4556966747535375
0.5295991897929055
0.12251517437541848
0.062391677223451514
0.24835170740996526
0.5118538625948543
0.8473915528607474
0.6368807436687289
0.8003020903075342
0.45213933858870736
0.3056709693623898
0.8868070969520995
0.915794204338964
0.4549818394652587
0.1460753660933416
0.8180937029881112
0.23834964412288617
0.2759184200723971
0.11552752333594607
0.343232694692141
0.5413819331954698
0.7523993693016692
0.8515249348683007
0.8949790289825007
0.6592064651676278
0.8827209130262953
0.6752126966516198
0.9029943395528385
0.18066656835760764
0.2770176375977814
0.923882140251715
0.8403810651307141
0.899668927089964
0.7717272351235457
0.9368174516077853
0.4425538083094369
0.5452419066470383
0.9725725167385981
0.5398579061581108
0.0026537861603395108
0.49830068037275
0.3709886225652328
0.7617379375316041
0.3557191175857777
0.04312322314333872
0.46505664920037193
0.5592136169173749
0.2780821598402955
0.19861146865541124
0.008386654735481835
0.5281785881458553
0.5489724309160908
0.32773292909283147
0.10902701709730434
0.9344184173147226
0.8480619366228728
0.5331071774127762
0.405359107463409
0.9103469038548626
0.9956969942381568
0.3125231756790756
0.9570692662939967
0.33301429149978123
0.7818190096257093
0.07024286330660756
0.8066731516538217
0.7238713701734023
0.7750841100604828
0.8582669899206755
0.39069993781865164
0.4922198374095167
0.05544941666363423
0.15630984569865092
0.10952696247734972
0.981973922544281
0.7715016560097475
0.5900491452571633
0.400988031258218
0.07530401470288839
0.7880615664050848
0.23428822866137944
0.6052614785882231
0.5569279095795685
0.46010526975986776
0.5509879731090037
0.7571770305187326
0.049261207535050144
0.7458017231101289
0.0716957189084153
0.1969630561854111
0.0913329873229185
0.45447332606933244
0.6497193850277003
0.5515886750710203
0.8533188429160823
0.41454393714402704
0.479464651873188
0.20623852641734375
0.053738231844085105
0.7420472973147324
0.10867430427147151
0.8590896294167496
0.8778086899152346
0.19202591020878113
0.3538778007851703
0.13244404914643726
0.0831445227834604
0.7831584220814571
0.37018094778583044
0.49940256486300316
0.022933222016695454
0.5002118707278961
0.12359466490541238
0.9776484892626848
0.016917701224578363
0.8994219826268433
0.16742282214840842
0.14054251576771604
0.3569583094488996
0.8686636726553184
0.9337992662561322
6.132524549176122E-4
0.24664347255602181
0.6272806298668068
0.7172841948323228
0.23166021060865605
0.14336328851726265
0.28970157312338984
0.14950092003808357
0.013069269376093429
0.29645565455822764
0.9624778853378909
0.24211379258872
0.5035731729830759
0.756479980236159
0.3961357308374255
0.010018836707107015
0.5815726404281252
0.7683686147167559
0.671242953311955
0.27743840634640826
0.02526621093432213
0.2551515488278385
0.26234970926840007
0.5166823412785501
0.7482201888961498
0.04914544484345329
0.093968337593889
0.47265729599023987
0.0546422908782076
0.6339427649335188
0.8795174363332857
0.8857774411710914
0.13350608448046342
0.42323305228320385
0.11716126951970529
0.8417488583493234
0.17180528786556415
0.021432690764217166
0.6057345991407208
0.1487713567953035
0.534600852011247
0.4862954401162166
0.23945040443249133
0.6710208019340135
0.4331554817939093
0.34512127008017557
0.1418457690293593
0.7318461112769357
0.3823339497460517
0.003876154467865378
0.9074289347146077
0.5409349415754658
0.5345796414819324
0.23248075827005177
0.8337487942701255
0.096772428441803
0.6701613288927157
0.6097216705249295
0.5471152711798062
0.16903801296890453
0.22201623094360923
0.16768354247395856
0.3519573160754692
0.7751551919144569
0.21839891288851965
0.9882964644022552
0.9668128208832658
0.03102967242844923
0.4376776319297123
0.1735374881871995
0.04920284842929712
0.37808181131507035
0.3870036092439322
0.43602134129300796
0.05714981198754754
0.9669989551947785
0.9402101778438473
0.5381599376056888
0.5468577765695765
0.41320459194451853
0.60018290424046
0.9457661023226631
0.9640804925767841
0.22986040975754518
0.3870735429234954
0.35592192083299845
0.35096026015186954
0.9912885507996394
0.2961142137066973
0.20912784486842306
0.16062931715878248
0.6830212783913627
0.11742052766235167
0.9021933997362139
0.548622537486828
0.7542556188464603
0.16505549464750857
0.18102625443568954
0.09315857602942579
0.10431077000392897
0.12375870240805242
0.11142129183505967
0.8856037584409342
0.606756843756728
0.7891281344882437
0.1011469071817992
0.32794169963723885
0.8032029072538127
0.9506748532540328
0.6780709822527632
0.7758285816232001
0.08330370439888446
0.04705342154324543
0.11676408273967975
0.37382255156147604
0.008363926981244885
0.5089038784241249
0.5499631530695084
0.04363286461278648
0.43298951798947305
0.8971239934501589
0.9014740840798958
0.6067427410759183
0.7325558276681489
0.04302302711457173
0.83353657105172
0.44951761579502614
0.7538327142977914
0.4016913213101415
0.9143706460201259
0.9719176637925079
0.07192697591552599
0.7410528682217465
0.38056871525209424
0.30019255891255825
0.7587727715452606
0.10645049961561426
0.19419331736183143
0.3894427127611434
0.14672120919223874
0.7242464397137979
0.5758848929041988
0.6936904416461517
0.00535023821503855
0.13780380948758486
0.8329803163067748
0.03911112102840297
0.1404366970205947
0.40534731787399847
0.09558750903971869
0.20033337227670156
0.6711022389103759
0.6315840347315425
0.5237570049034643
0.9502241404240376
0.1444656923789711
0.4535985265605954
0.6553366821445561
0.030332621216780375
0.20670428498021465
0.3564188268705969
0.8267912810105099
0.5721755167669043
0.7652465323444289
0.8547828543475849
0.01821320818018679
0.9888026424720041
0.4488902574371034
0.6450176276560878
0.048947100582192316
0.2515908545004715
0.70095905700846
0.8045764624383089
0.7816953409579626
0.7689713255153032
0.025181166819094214
0.9966620652347259
0.8806673766091645
0.7918035701792453
0.7447947833370753
0.4234964480738418
0.7132807562712142
0.38436694206171484
0.13245441595966312
0.9641811462079737
0.1851175643771369
0.5204484375981826
0.9218329806566344
0.5317241345693564
0.6542845344734906
0.7907635225553017
0.021384654605056563
0.18869282286440525
0.5840211123212383
0.5409540738091497
0.7165540365906896
0.9720849687672765
0.26134480457927145
0.9986658942656194
0.7687873036425968
0.6953925947190774
0.7347180657871645
0.09371567429029937
0.5980211930740188
0.2194664021596302
0.1051671900492962
0.2271152887908885
0.16989638177172928
0.8136710440156161
0.4429780104273847
0.2027290410386191
0.29976195931273486
0.26495507605266966
0.8960392001479425
0.899597220251871
0.8326075112156693
0.33484094197331005
0.006098843709195889
0.03346742791836066
0.5613807209008994
0.012974515662815822
0.855645863496992
0.532832504720707
0.8057175192385967
0.7707556689727247
0.43082215148096115
0.6377821948815409
0.28893317395969553
0.6797043778455129
0.5047179637800544
0.819232950805353
0.3231919665516684
0.8265999058370904
0.42059701334944855
0.011608713436834561
0.3410945877973264
0.9310629416337887
0.38604407736443813
0.4538027334949132
0.4964916393931883
0.451134019028014
0.2767229765617062
0.6412586565440844
0.3981525175051114
0.7485336553201076
0.4923774226174513
0.5062669141312791
0.036989418322592504
0.07767319377031734
0.10790386568219401
0.9640799886508762
0.6208556049095015
0.2611172578949609
0.4187692347739824
0.38920826017339727
0.34050880638274783
0.919082745375129
0.9927433242208026
0.41926587100478985
0.05614951397857637
0.03169057914841844
0.5088594600655082
0.722993551948101
0.5160151943940935
0.43007083413938896
0.9897136139414481
0.014593760704874836
0.9968314081347456
0.5360533946870623
0.5146564308133118
0.6482706716148572
0.19049118328802928
0.3000597682217324
0.13912878407371065
0.5848758664718945
0.752154052825124
0.8229444774254249
0.5393362630419964
0.38681789250636234
0.1720273169145613
0.589917008114202
0.8516533710787556
0.1679023811619178
0.5364108986472353
0.5933081547491272
0.28259383948175265
0.10152629899388799
0.30315940367057626
0.8758276308044632
0.3278782254797439
0.17365861674990224
0.43253338484370674
0.18709253526058378
0.8580760673614006
0.35629685189685967
0.08648363882272536
0.513588778652103
0.9034942315272002
0.27259717123520333
0.6377317216060637
0.21586090056898133
0.7024291173984734
0.7266332009489226
0.9145807282230295
0.3866080075358783
0.4645956130670922
0.17874679708803531
0.4482103090448988
0.8294970609569519
0.34549044514707017
0.3617116624824295
0.9862805009626705
0.7508863647693031
0.3276437627454427
0.753438661104566
0.6899891928275547
0.8552865205629343
0.06115724895568342
0.5487092775790905
0.2412980253975633
0.04026752274556822
0.22862302714690885
0.10543171744373381
0.5528626472853719
0.297654109350612
0.6684624562683706
0.5801717190260071
0.8952724702220143
0.7452344768120193
0.3159196457714688
0.6132182040884342
0.03452632324454363
0.9368397412399074
0.002389408233735568
0.4752016568510262
0.40724023911412477
0.7285347086520949
0.2914550305774919
0.045290515117588415
0.4519039545250785
0.014793395255177533
0.8239564908172833
0.3552495221399904
0.9615732704519525
0.5909151374104322
0.09460471065520348
0.20415083901135012
0.7267052019229475
0.24657052457967132
0.18910329216354693
0.5252873012615621
0.7964140082723504
0.9502484229407163
0.7734341809128823
0.7698446142102873
0.40224551686120646
0.6455092958456998
0.5459089756100038
0.5611470245307142
0.9606381818406569
0.7473314144207592
0.437782971889223
0.2687992890083435
0.5985595811734274
0.9004707815931946
0.07967461946253496
0.9538049614161779
0.3313766392328328
0.9416373161649646
0.4387278741003965
0.343749384846351
0.3628394510743911
0.29342332196158705
0.07540054821057052
0.11139302986074573
0.974127543661575
0.21030268425362908
0.1689571481253015
0.7505293277341576
0.12222864140640688
0.39565245421916817
0.31718983259697064
0.7697182455552062
0.17749015559625925
0.5136306097424003
0.12858634836373695
0.7575151437256885
0.1960033601726009
0.03087760384312055
0.7941094526073612
0.11207202420861306
0.744551442353018
0.64039106051031
0.1509473756041495
0.8734963565151342
0.5741722263030851
0.24355663028057573
0.2320400996282974
0.14911002109463278
0.37295676055654614
0.09620016219279826
0.9328820196350368
0.07975932463961799
0.41952580732521727
0.26065980108349984
0.22104613419071806
0.15958419425680537
0.20569584569935961
0.9482590102785334
0.2640710035396351
0.9921631998943394
1.6698950890237096E-4
0.6851941012832463
0.9577965935916741
0.24270806622510366
0.8846354659588112
0.48973377146470465
0.5999300516782884
0.628989900907742
0.009553509707560637
0.4097592952353851
0.8725690563834411
0.28293662475746617
0.6888298180353933
0.8370582549454597
0.8726039557452279
0.7103491866251539
0.4810841606546148
0.9884170575825816
0.6603669227468699
0.8779419343162382
0.5896400445243751
0.8234397208009415
0.6845901832558999
0.6649201565932218
0.7542594103402559
0.4551542999934888
0.4856819549909883
0.030565861540292283
0.304694062343012
0.8018500225830134
0.2795230252033126
0.7698104937615882
0.19944828250446422
0.8272220326771698
0.38043295757067463
0.655531098181471
0.6827180593736338
0.22078251598899812
0.9346497005796695
0.0993145457261323
0.658292171815821
0.7816307606711447
0.10461206088480468
0.201691668699287
0.0012706923826576455
0.08605643583874845
0.6695295858651136
0.2083516569877728
0.8067772992110563
0.24308419348683097
0.9891697341158543
0.9406043369505216
0.009411410431054867
0.6719499555573386
0.41548780091533677
0.7263659301075396
0.8980068758456398
0.8716319775378312
0.5306698200100022
0.7222020172112692
0.7973342423101253
0.09494307258514778
0.040354550317874494
0.2874685228581072
0.5917039882263643
0.688322849955226
0.757245798815105
0.24835038790123287
0.8249979134245616
0.6133514817635625
0.8730211908785207
0.4726040690344314
0.8274770403860302
0.3271398098344155
0.635389686034297
0.1650692975355571
0.6917839957351067
0.7661330346034839
0.6223445807698756
0.6895221586603271
0.9488783856915715
0.6514980275148354
0.03710459984923142
0.5241997663932301
0.4792141275461409
0.7141476112087415
0.8349307778610097
0.16633521938446882
0.5352877829800526
0.7235870804865087
0.036952320914331316
0.41529800206398904
0.748757433055796
0.3971519953110175
0.2863294266934169
0.4844442339915531
0.6486517640992967
0.36483861650436944
0.5585272901579992
0.8185379848714006
0.526759662741672
0.3698108101563822
0.9501698643693397
0.3266131813366868
0.4521103016784125
0.7958010101525791
0.6398878979055742
0.9794032739242493
0.8585250727410422
0.430004740621596
0.43977067969841077
0.365973717585127
0.4075417077427871
0.09370152484390348
0.8374767260268253
0.8559498803665484
0.7635824674410792
0.40271750908220993
0.06675333118559723
0.47174140974853174
0.5090575766819095
0.4559782394003673
0.5380607379838004
0.4394210299416591
0.6741664457897251
0.6927826441461069
0.9111916848662651
0.6574244945074632
0.25947835300730127
0.5080620947380604
0.19822268360104633
0.9989952814612247
0.6889454767084165
0.46977138311464395
0.5478282638358642
0.44730655626768745
0.3468213448594982
0.1436908802180592
0.7809351977217611
0.5514492181751749
0.22402744923651652
0.5983027994391037
0.32288873520392347
0.5869845370242694
0.22783205427400754
0.6360360143752365
0.9087483752841528
0.10651585825854082
0.8932746282624663
0.6770578909153843
0.32602574669482276
0.2737430472979149
0.07559030988905469
0.007923812927052798
0.5031227713681434
0.48872029198398237
0.6999587583290594
0.7997780567829651
0.45192348216284006
0.33254629386000534
0.7982222295672344
0.8994320913235225
0.9294381989647629
0.7864733118161545
0.8717878365859166
0.9015301092530108
0.19609393648522888
0.013429152304325953
0.08574959547143368
0.421143384958514
0.9172104741840429
0.7292049676799102
0.9213356922573368
0.8035184189950016
0.07939661437695278
0.33606817119071175
0.6921074231979769
0.7313365656261529
0.7750466679182733
0.5433186869785954
0.763905573323634
0.3197257366097275
0.8458123183147066
0.15731413267615435
0.4093614788707157
0.3253971762175908
0.6698704399817254
0.08774734772205117
0.9748592130602668
0.038663818609254386
0.8280028120702341
0.3874673363382095
0.4411566077554019
0.27572867202383944
0.9899487374500212
0.31989303957592574
0.5184423610660301
0.6435153477776364
0.12518728581089555
0.03107662760921892
0.13242732282425917
0.9104451365090943
0.06125082972322493
0.3927309698693353
0.5301381843693904
0.8839479262556956
0.48786692497975614
0.9780438516162456
0.2624018521062208
0.669127205434831
0.7366712824108018
0.9338593909335117
0.9845797840145561
0.5628820112032505
0.0539289932008854
0.7208144632725944
0.3579308622847498
0.12392196836477343
0.627647864914263
0.30727649009621005
0.33105292724255875
0.15149341491992618
0.33066141104717406
0.4234360116687198
0.734172124433933
0.40426863358508225
0.9977057777388023
0.9086657089225847
0.4286205610439042
0.8957320679145699
0.067209352675069
0.018265490378714833
0.21966252561928234
0.5135306882169594
0.587459321069616
0.7949703957744021
0.36289994642774615
0.5276382404991142
0.9120049390210776
0.2561068321459248
0.7728083271754852
0.2758162575996306
0.8906023831936294
0.19903945944397583
0.9765240313382071
0.9447371092836241
0.9997013483987677
0.8855598748400088
0.4468252894543727
0.9012675074796105
0.6504190267645145
0.7301250098910791
0.1953180431238295
0.4707934676453984
0.8621424604440175
0.3873619653902841
0.41015970541638114
0.4081007111278262
0.5963451417097886
0.3110131546503181
0.4822227471274295
0.5612073100866728
0.3078996150175629
0.9395034913347725
0.9794215828791641
0.38967792177804994
0.6901128376586521
0.15256967454470372
9.954789622050875E-4
0.06633205230088668
0.16490626673646713
0.538898678053137
0.8718613977762407
0.8648917011448661
0.4010084329306439
0.31648117357819705
0.3217203448873064
0.4159960051033563
0.030722258304594963
0.455392650750285
0.1344214719748238
0.20014406048145783
0.7797756608097096
0.6669734340935458
0.7501585860900143
0.33850910991547467
0.42495851566545717
0.44388628552334286
0.45639333095048573
0.34120093827556874
0.35069482348389147
0.26228807125708986
0.6129707471568903
0.9774354123972483
0.9883938657957627
0.39035999013980693
0.822712221527679
0.8432033188898626
0.09136987945368269
0.48669864426214526
0.08084150298001469
0.5194132446643897
0.6233148025147914
0.3175776035834498
0.7149201971378308
0.4371164280037424
0.019753934018935992
0.4738477727980611
0.3615386130173238
0.6963037044434852
0.7196098191715334
0.9262517561614646
0.31682885394648186
0.12089814641575869
0.15794499198749778
0.6221860212957884
0.34493722223160894
0.774949274941585
0.8611492155410971
0.09745187177884307
0.4319129390366747
0.013667906700310484
0.8922827923927468
0.2532943751685358
0.03204082116499829
0.8978233153447668
0.6569819158359447
0.03203617652521351
0.06946626417734769
0.46115725153067433
0.9992783980986918
0.7138709448984826
0.33002986840664617
0.8878521241609897
0.5918804361314554
0.9528887536191027
0.906551138913362
0.13072357893238606
0.8569072781234233
0.4721638786503146
0.04536958907612654
0.8806904468828206
0.04076511342828193
0.5457431951193632
0.08277234672398259
0.08420785839823697
0.6107976226147974
0.009630918096880103
0.15700816864709288
0.39773200352547944
0.8415391891364161
0.5643737041842136
0.03490712385560146
0.06691811880039278
0.31484482947482273
0.5586074812801808
0.701696401248285
0.7231359149663652
0.07086556863078608
0.2759353994533109
0.32842247004932845
0.5010193653710268
0.31578358219166436
0.986764325591185
0.8534602725367657
0.6981507750048644
0.9174169018173657
0.6722345337722725
0.6929107664814986
0.9216118384456838
0.4012485398321203
0.37913580297375027
0.029257588434531745
0.2960171055075721
0.7971299926241329
0.6227102670763528
0.718475186599915
0.8437781743832192
0.4808552748203243
0.11850048314245887
0.10284983925073932
0.5907297403920498
0.10499574277160217
0.3949091750392758
0.9200960316360671
0.29888126959782
0.8198323080921746
0.5148946577307525
0.05892086496610471
0.9829413452008304
0.24791622633313637
0.21823354470805834
0.12700926040930716
0.5283938178988862
0.09473566118440446
0.285040881138782
0.6694731610244314
0.7962883721496321
0.853159660855506
0.8167448845989838
0.40412850166541747
0.5735407930830559
0.7907773634436653
0.4324718449305207
0.024533323352600722
0.6074204413346558
0.29694496840745066
0.08680397614704605
0.9625417664114859
0.7490362716572471
0.7102987006151832
0.32913168939549153
0.9991978519335861
0.9230146938520877
0.9476868785912242
0.34532842459744506
0.7661141708412658
0.2391956515701621
0.6119200080748097
0.049235309894979595
0.9890504912788632
0.06705636828500117
0.7684328869052693
0.8244492821006112
0.7912276563449364
0.3047046245782241
0.24989778751345004
0.2561675008377571
0.495982468685807
0.3916665130114302
0.17302356438538513
0.3383477085499229
0.14668957599098853
0.8383261890913913
0.333220659765043
0.19320256196042063
0.3964467713735448
0.17475843596609608
0.2805069433166677
0.2980532503741754
0.5108404261689921
0.257826859959141
0.17397535727017055
0.5788263513183958
0.9741776967229879
0.8178041395856862
0.9623388251208748
0.49998462086757633
0.5928931366733533
0.9744033247891674
0.04451397829382908
0.45744126810167995
0.04940712218831256
0.2069915453580432
0.32689986187136344
0.364014376004813
0.5755340414546293
0.9248909938317262
0.5129537287411814
0.30623603792266907
0.7866084683352937
0.3510544039056751
0.5358608030548383
0.54683903242564
0.7458177123505051
0.9060352832402407
0.27654050034969146
0.9490011487685873
0.01279988353014927
0.6590556577710418
0.09692706450586053
0.10643532863253569
0.7713862325084199
0.6991074140172264
0.26240730993578565
0.07767150479206253
0.12843760138255522
0.4714056834474504
0.027494122892066097
0.6433842431411017
0.3290445181172408
0.22314554410440657
0.015259268849406427
0.4323771535829456
0.9429310367193929
0.7073966641107541
0.5337446021033999
0.09484404432146065
0.04272289845932142
0.2051025614406633
0.6415158316431224
0.9407837509524651
0.016810563742308826
0.7425343631334952
0.09971863687969995
0.10695342687678133
0.9378580786126054
0.10518210795533267
0.8294419111527728
0.36750374553268605
0.3425794899915825
0.8789484231768145
0.13088855139329325
0.16144595754312152
0.8692238512763037
0.2856436184281059
0.7147990634817258
0.2743596715508806
0.446281385836222
0.022162572700480165
0.5467692667575828
0.8822575033549078
0.6292427044015492
0.6613579665347895
0.611547830896832
0.34228064384048895
0.24181381372620347
0.4275060211485472
0.967095512431191
0.19790727646437634
0.693809743254619
0.32039479258282555
0.8771326770961472
0.35561349560234434
0.22002010121451432
0.6294470148690697
0.3860972629392191
0.28543423591451667
0.8126599767365837
0.8529228295843462
0.43188068481289366
0.39962966042841785
0.8045900902262063
0.9171303044119554
0.47940446743060683
0.47166986033345604
0.9013103344329074
0.3767045480398218
0.7020453086547049
0.07200915714537282
0.956801171305992
0.9693991450860948
0.938112560548379
0.5176285476620864
0.9416076504813716
0.49746611570511157
0.006026241383911279
0.7590828162430857
0.36113106431281305
0.512583708079725
0.4745397848788586
0.9617970358624804
0.8479138689731416
0.6924242534852968
0.653297006912877
0.2776141436983285
0.7737732445109817
0.11433662088270924
0.39420756758747366
0.44810400386135296
0.5059596995247647
0.855251095486814
0.27557121156027864
0.4329017895954136
0.3660866170873538
0.47679728334669336
0.8785755701031049
0.21435091139998708
0.4413978957795339
0.990758075577725
0.1597387762696908
0.2939844271359294
0.14501028689007034
0.84236593889214
0.37306199035692933
0.1668857958384251
0.825087676048648
0.29758053708350585
0.6021035805252669
0.2367284804481472
0.7824752722874891
0.3753689758348494
0.7248811760219596
0.21730073440805608
0.7721411533767994
0.12714396130832428
0.5534534904885964
0.05558079736086785
0.43584371937019606
0.6328964010880644
0.9652290463028497
0.8069346825098199
0.14176333149552256
0.5571932358377034
0.07449417973978234
0.6947669067179675
0.39140729403136476
0.4880931623784439
0.8803480752483623
0.7949625977178353
0.2949168096204152
0.5681661190828627
0.3711780057194649
0.3997163529013804
0.6129760308546743
0.11918517927561567
0.7660029227319338
0.13585232911767287
0.5168423874771192
0.06069218046160385
0.42945923849612433
0.3394963953392923
0.5275886234410561
0.927521468600952
0.009897862575706018
0.02197039770591891
0.0614669295790069
0.20249857384170633
0.5190065398769415
0.0010352154899924138
0.630375591565672
0.49791382801230344
0.3965674441407473
0.4171179463145741
0.024729642888558723
0.8430036628713822
0.08540456318125456
0.9059159116275772
0.7406064662585895
0.9645548300309864
0.27927154430941337
0.1567781114468032
0.5038581343359594
0.9838800122849451
0.8003752662210852
0.45052259528330907
0.9909525250581008
0.3957959404850473
0.013426015214571763
0.04085607313583883
0.7496253501728317
0.5438677712588245
0.7895506811479045
0.9203197132066292
0.8819958087482215
0.061066655196128417
0.296100196400349
0.5946930873676175
0.26861869657941195
0.9061198809496942
0.30732815839320204
0.9790460055571755
0.9840161678961513
0.6932159845962235
0.30611274263828503
0.4241356156179219
0.08255274897689024
0.9863601546415871
0.37833934407429426
0.18360421674122562
0.11808737597503727
0.10955756008125428
0.7892566412027804
0.34044089329751037
0.6016565737917365
0.8101357594913129
0.17506419866557665
0.32542784294404403
0.0985134836931173
0.8048995800290486
0.48318496668727096
0.6808002230193602
0.8191669881673499
0.8374449769356974
0.15112130885607367
0.6491061892337467
0.36863680149187006
0.37984099594852383
0.5264885824411408
0.5002611482169896
0.7839590570413346
0.5230219570144758
0.19976567373362386
0.24904902773874382
0.11204881149412138
0.9176148363126866
0.746496867322231
0.5608298451820539
0.5583450860285132
0.8505591872101642
0.35712528427177836
0.1949720329168233
0.6712349711816383
0.6727603740160593
0.970332907812953
0.2935348219949502
0.1180733126704343
0.8291493836081623
0.8197077890184569
0.1869841587580695
0.3556850155569655
0.6849050275585641
0.7537544055582193
0.1592335082857873
0.9015573980292925
0.19022787515570017
0.2957082445874776
0.791058513919287
0.9714997275196154
0.1809373517191859
0.17231124118429864
0.08394254862797657
0.9653684203759162
0.7732966002270137
0.9596496089304521
0.5556676388618048
0.6545256416503367
0.8788525368126672
0.5693515181515146
0.8944734654581814
0.9530200929701331
0.3387111960552952
0.5298868344291295
0.5603646441327816
0.8390487479911178
0.5565513476094627
0.4054067071249312
0.9301545117754648
0.3340786916163302
0.7958122629858995
0.23850610702697517
0.19709131502756527
0.4440785343547834
0.4988740327709166
0.6034875879560704
0.2564204912720822
0.6206290919953519
0.08468215745148389
0.7131501852976115
0.2349947237296134
0.6092536647198358
0.6861503221444031
0.03482204934406419
0.15605119478540408
0.518127918167816
0.19980858188807704
0.040301527229942624
0.46953308908707625
0.5624004757822075
0.8375467969012353
0.03956603348735099
0.8238403722844463
0.2176750904912812
0.0939359753154636
0.5295538680549425
0.506652790201003
0.4507755221643549
0.672492861620791
0.12701888695999586
0.44047571791714
0.28673524373292236
0.4503863378793339
0.9484040635538009
0.48281707281859176
0.21802341940857783
0.0034665213472743206
0.24987433806851922
0.05141188418936782
0.8653399087393784
0.5621304707268409
0.24709513784388992
0.7716683174535444
0.8588814015195163
0.5234214236905598
0.29703832467040947
0.9265172039675714
0.1248020700064576
0.8058909143357248
0.0430417316840519
0.9781047435030719
0.6336615814123857
0.4011361231283791
0.6995451236782042
0.32627572659402626
0.19597408936791394
0.44955788704361666
0.38436949379270413
0.7705529488970342
0.07454230868015954
0.04776696052607077
0.29410268585534904
0.8503255522803934
0.02408031757333773
0.7811996037552257
0.5620993951534219
0.35221750972604926
0.8656999930158721
0.6678859546154085
0.8387987239852656
0.7941149295076123
0.8571557341516578
0.7979477773851227
0.9905083225369798
0.6220887786137322
0.9293123481189944
0.4582845843586669
0.8254986591855155
0.1894572858622583
0.3251217808681113
0.9430402567085314
0.42519722178715735
0.326490441556028
0.2994644318726384
0.567825179314407
0.4834667573816537
0.4547663664647871
0.31653058761014363
0.6293012828028735
0.03839796083477309
0.7519476218155097
0.6159890560187283
0.1816207000735921
0.11874153836091572
0.8307528366843047
0.11000897207693161
0.5373412059937696
0.1210502649436408
0.7601572917592821
0.3202722184115807
0.3428245141238062
0.1837970352894931
0.027363620152830892
0.46743338975625415
0.9267565999736596
0.43117990160349107
0.21584174397546052
0.8850551981322546
0.3753112844863141
0.7220207710467033
0.7577449785964103
0.645866999496561
0.4486121903236501
0.4581093707160052
0.10826680060047555
0.6602646445469481
0.020530077294834914
0.08153988769877674
0.0850110291791294
0.5352904011375792
0.1974857054701058
0.12203234454423051
0.9172056835555294
0.16690150337968024
0.6518113644543123
0.04292680955563
0.7575984600082352
0.3791567858242111
0.9913569108444004
0.6784832397313919
0.0241300830634249
0.9210204908621425
0.17940858796429804
0.755315436549091
0.9589890426388675
0.784803331138545
0.11762235896043738
0.8472328752867285
0.21940939929815195
0.11983093667922029
0.5095559545946529
0.12545918132072043
0.14758103750272678
0.9807496040264774
0.03351651268132927
0.4351418447135279
0.6062995380762637
0.7719507142236458
0.6708237309952078
0.5542623757489183
0.9124907409218989
0.5279144236741539
0.759221273578744
0.9725024742206004
0.4525026601255223
0.10384401182305958
0.9710519107149673
0.16531574190526876
0.021065590007127266
0.9417826551158862
0.9519444310952762
0.13240100264294752
0.7900787507497813
0.32447456659539475
0.7981439031921069
0.9199678480505847
0.08388970902330561
0.9325526779235955
0.8992486993349031
0.9526308177599628
0.8144907148993917
0.0802054945754691
0.9280013322571853
0.2634632372100255
0.5130636636987654
0.22029618702395393
0.9199125500958794
0.12968831758169497
0.38356381231203507
0.18197683957980126
0.452881095021922
0.19667870935349285
0.6995391058954583
0.13216153937985298
0.9106040097822277
0.9043826559746042
0.16714108557920393
0.4367922948275018
0.6934561039720883
0.9179891376246735
0.5852900825671882
0.43865159577721313
0.026648576654117462
0.3085902184910255
0.24821573736426672
0.6655463166418019
0.7078609897967341
0.4297938302583568
0.05610189258866871
0.13600774084034095
0.7351728060329004
0.7926857061719579
0.22632181905469395
0.23922262976465436
0.2610036587810717
0.754234706870688
0.8307589003041109
0.1317309187581397
0.7289045187554141
0.5031804124170721
0.12396441804237934
0.7154956937862592
0.3674245112864667
0.6526378595555281
0.772412554456567
0.04027131569031561
0.4389110687346184
0.7300995185374944
0.6468707878710207
0.4077663462887844
0.7709840288803392
0.9932092533815193
0.7979107158729305
0.5459175784899486
0.13455672177872202
0.2936293581637043
0.5988433923776579
0.9686624993021374
0.9746603801772329
0.1615162186794179
0.8108698331384611
0.03991705915054011
0.8489606783834104
0.889565798121272
0.5019963155179111
0.32003670816809004
0.6837381031311449
0.15828575048460913
0.33427091317354374
0.4888583098900331
0.6182367702975924
0.6630953490484472
0.7231562538711781
0.5114913627507388
0.7756690742561166
0.279051081259854
0.7683607886936452
0.7413469532014658
0.7727961326092767
0.5304398627956789
0.6572091635357221
0.3394631487262503
0.1598872322971131
0.5201775646149241
0.44963957731111437
0.730006338047273
0.26899403761419016
0.017896437331660464
0.7681741583895206
0.8088976257474226
0.1408580060578698
0.10579909027901346
0.9367161546347554
0.2758341139774735
0.2994024827863905
0.6378033787453995
0.5387855600634527
0.7695455478642702
0.14764398096295905
0.7801966268361301
0.1988122753554996
0.451945977886566
0.6699891603199398
0.07096389322296948
0.6293645252393393
0.30891200396416074
0.9432678807206255
0.760149747400905
0.6326969486072667
0.7137379263550498
0.6824846613312163
0.675058395841346
0.7967615902036734
0.7338895640284564
0.6771541676956446
0.4917926229863143
0.08383233489069142
0.25249818633400345
0.5102188923682148
0.08857687808998682
0.3741510888829739
0.223106739937188
0.3939304352163011
0.6065055697087494
0.2975121822529422
0.2795002092727039
0.3057078495112572
0.9498025711398462
0.362458955654953
0.4820232520925173
0.8618701263927401
0.7203736122301887
0.47577428507814157
0.19760761087507506
0.5282722865050103
3.781605059676174E-4
0.43420511503059456
0.982802762392005
0.8342573279876934
0.9717431123300055
0.8658680502368424
0.8674229556750095
0.22996928064520028
0.09298563266115267
0.4005416491263646
0.6209950491101778
0.10695537508250996
0.4414078281486141
0.5560585272891991
0.42501081413093655
0.28811803169424244
0.872671359424139
0.9422679822745532
0.8710582767688315
0.9854602758498142
0.849955534951877
0.9045481588536409
0.3582271329907105
0.8227011732206603
0.15134718030481897
0.6556043258450374
0.7727529118714702
0.02472022278914332
0.17680669961834783
0.2772973321642058
0.7986856521009986
0.2869229390870943
0.24499927489444695
0.7135048535944589
0.3304385261781855
0.15500249030952995
0.09547615343375271
0.020525189094016794
0.23639274531056687
0.9692050099963536
0.7931356376374307
0.6932914706364978
0.15730464351560325
0.5570889477624802
0.3695892479442088
0.8436719470314133
0.11408208174331902
0.894901971416182
0.8300035521918829
0.3713897730091056
0.4465668345452999
0.9000813909517632
0.604183520408967
0.03860365889499784
0.008280164715519955
0.36601696192303057
0.12710849611372044
0.5359482024934102
0.6016595805637647
0.8050980329821729
0.9968275100663703
0.21084114896184847
0.35413409241899363
0.6271992421198318
0.07656541858606625
0.11812185209912485
0.1074567903823439
0.6481424096277418
0.9830874313788501
0.4485939708387703
0.9210327839092438
0.39630464314767855
0.6348138591816489
0.1928020535310434
0.4745515435143083
0.06542571970660227
0.9208734572293594
0.10538084857935603
0.4960529027615773
0.24780036417608153
0.09622797703982289
0.6495728518741671
0.33862595116805994
0.7744242654249064
0.20819650449958116
0.6220178123551774
0.48226075918708144
0.0872950853422888
0.7161531000069356
0.5846761023090722
0.046942909439295355
0.573952782209003
0.4788669993308289
0.06375515440774959
0.3689014155209547
0.20547608159117936
0.45289945333973214
0.7147658545108087
0.313990435035466
0.6365353304388642
0.770666790169459
0.29834467745991244
0.28050617901749475
0.6497339984124095
0.3482249382908449
0.3632335136737803
0.778310112056193
0.4563546056571822
0.8105253357204241
0.9908183836650124
0.06194998253572448
0.9017571611908383
0.31583783624289596
0.8198853304349872
0.5425410330669725
0.06606131731539011
0.8112317158903977
0.8407596962929178
0.6064893974657058
0.09937617602445814
0.35745067541090714
0.12475291142595668
0.02871014459163812
0.3857244404769624
0.42421342148074503
0.7378487422108629
0.3838132786684213
0.290940403153216
0.4759167988812223
0.5768184293856137
0.7308005218219502
0.8172041470014407
0.7429132844472571
0.7614627203029273
0.3751365250089512
0.4605072918209475
0.8049805804339908
0.5184355300382221
0.6966286242308086
0.4472279747603809
0.5012958546642085
0.20011281683091942
0.8723686497820248
0.312126075757423
0.7251727300598687
0.1962274135029718
0.8210620643380383
0.4724521829696995
0.8620144434486255
0.016498610924087553
0.8483884120194723
0.051496855355631865
0.9853818218825027
0.7492431395934054
0.2826087848530541
0.7097890682564517
0.438769953517812
0.43396163236610075
0.8554554355688551
0.6532864837749172
0.09963325542945589
0.625153448508746
0.7054091391904491
0.30528163075097436
0.44739290190053205
0.5701188882068514
0.6587905959240238
0.3523824097049565
0.5386072672508764
0.9752675411560927
0.878662031353135
0.004806878912488655
0.1301799566405737
0.2934578788064953
0.06235575151959394
0.3473657971636541
0.48542663013386356
0.8291516412189647
0.11551645371688535
0.5998891102250292
0.8480158946241936
0.728674404127015
0.6338647559322803
0.9544850825145208
0.175245872978671
0.09963117809193411
0.5834594669522027
0.4119040913933475
0.48481268134977584
0.08653419659098593
0.286056439459789
0.7004112667248636
0.08817282994805264
0.7189572712357978
0.18823223628884123
0.9279557210448153
0.05879648311365937
0.7440396142676057
0.9212612357498882
0.09205624461139539
0.5150541209878945
0.45691906450038267
0.8433048628851005
0.951706433843101
0.6851742602764003
0.7506830640050157
0.5962922984125482
0.05173537223703595
0.26565552879263
0.22168328387343272
0.20694182567290176
0.8824421318075247
0.2847109234467785
0.18656774006846444
0.9146928652441593
0.25595550715029136
0.5387687327525502
0.8941418146940298
0.21888876499017762
0.985653579746695
0.6827482914658838
0.048177638475983775
0.6033705287322014
0.86610968537808
0.22377550651753897
0.9965490964720926
0.01871237121752456
0.7684149537427872
0.9931973918221316
0.5875774251405493
0.4806501481176342
0.3893599902383561
0.15320072795563344
0.7462301239018237
0.0778239532684567
0.8228410698131357
0.43203500710342124
0.28082396154820133
0.27277642676183
0.6579894714095965
0.07578531559152268
0.2951405765391668
0.627218874833303
0.7509044957755563
0.9548358963585745
0.8513704758630298
0.9858974654122241
0.16550472147756534
0.36961061166673825
0.20606030531540098
0.7129620234441547
0.03389367856330372
0.36287194515155596
0.02424447538334662
0.7905604119710524
0.2477699758470011
0.764805080037488
0.46620130347616084
0.46145153751380763
0.9597936252922055
0.7723094422126175
0.9367810662427793
0.6257507642305115
0.8474544400961921
0.5953649359094371
0.5890113677662682
0.38649133639571664
0.9718699201485886
0.5910357290192836
0.381692590016096
0.9795061556060667
0.8500736734091784
0.3496196575817716
0.6049550915397253
0.820204179429007
0.05173792087434714
0.39764650216770747
0.3082559525508526
0.5531363367934367
0.2299065458990327
0.5388739450457872
0.9920528815251943
0.799816134291687
1.9783496137659728E-4
0.3671250819225429
0.2573987707515092
0.7660801163257543
0.4940689486342472
0.1537569787527896
0.846959706981538
0.9923440539662349
0.7291171840556006
0.13774466603553814
0.6564660181109111
0.30843096550585225
0.16302534949858238
0.22781067005641598
0.8473645635463892
0.4892169798936107
0.927642034685648
0.2637251876948
0.14944764651526898
0.1981621922512028
0.27581985798414654
0.2778477193912675
0.8064919805327153
0.5528629290588315
0.7160179599240212
0.6481755955292633
0.38844923019598454
0.050083188160786496
0.15830749716728887
0.6406111066377322
0.8704868594501481
0.6472923476626106
0.15030205794175167
0.6008532117832114
0.96218644463058
0.5135577203966438
0.9426673534176543
0.975266060702887
0.6594639352531426
0.3347092793402685
0.6912475806602505
0.4152711579487396
0.38728461415279647
0.08601592915157474
0.5764787267730792
0.45125575278774976
0.9030028277177695
0.8701816423411222
6.418204585146858E-4
0.6096851239913977
0.33816480417578987
0.7592907266242619
0.30964148314409823
0.3910519764376066
0.37087038423113927
0.5764018647952385
0.6783792328224902
0.2264909249423156
0.5412975800297807
0.20581038493314996
0.8974218877429317
0.38733228981368273
0.14975121434003436
0.33056916072204845
0.803550405641852
0.8345637559136037
0.009605587943123162
0.46167828456183935
0.007905158153629133
0.16411442879746696
0.5667676777584941
0.7454244649397106
0.3928284730613901
0.12907079047600578
0.5427965048512405
0.3136710221714609
0.5721361132957855
0.7013796526304733
0.3105709339860865
0.8764696746081682
0.13943418808929042
0.2732880856096609
0.6694071474839448
0.8471863187593661
0.06522888102702384
0.3927160914710689
0.550783696838418
0.5374019845967903
0.0459608122852434
0.37695299858269526
0.456340592889393
0.8621719046478569
0.9567273163081413
0.25551325838225414
0.10657663731774758
0.5557950016624466
0.8143400739835741
0.755683801674821
0.8616767953713915
0.11406653170964887
0.8184969064116001
0.46323921981511584
0.9651590855758326
0.5510575959922553
0.10623065884812966
0.8659971711094394
0.5565388723732674
0.5867844457759831
0.8284299268559668
0.719331430639648
0.7009656401207481
0.06670186962305436
0.037110044629863004
0.060455183957359604
0.39179540272398716
0.25477464099743297
0.6582445872940801
0.24223270543592068
0.5963198193075447
0.13895140145750784
0.5173514791999759
0.5574729240587277
0.935380619207099
0.041186013036485614
0.983659849081164
0.3811032501409015
0.5143560130871994
0.6337211558394799
0.3035669062789791
0.27031802525246995
0.7560134572663667
0.9291697850160079
0.10522695922446867
0.1317404865342343
0.8249809371089502
0.9340001324522025
0.8734972728560835
0.3898333498173936
0.3790968128174501
0.4333502113439677
0.41809874914130907
0.07223743719608489
0.9346560036126594
0.8096681966559309
0.4877314623035357
0.8654140335567021
0.09057820194749988
0.8884952835158086
0.7190186146450098
0.4879112022546839
0.22078156533713977
0.551778175479196
0.05153511581695902
0.1787701475841318
0.014553063713309666
0.2624181077387212
0.5888094730769876
0.7050327053386088
0.42146466294792295
0.7033345168193146
0.6400706234392126
0.05500637960681953
0.1403920850844117
0.4501406412263068
0.3386448300713184
0.9028889643799523
0.7814511353528579
0.9685998727377509
0.8002892269238692
0.005549664388145192
0.22517361787840262
0.25635088169097076
0.2583827361577563
0.9237091466398069
0.5050037010572777
0.13296067343798923
0.9927770893905266
0.847456441857138
0.7472024996796601
0.5231846678913189
0.15524384926814017
0.8499855816458254
0.3165069369823458
0.07538306026209352
0.7868359387519268
0.5936303607889826
0.33639666896370624
0.11036358064266505
0.4211152103666017
0.36872108827083605
0.17958066604077372
0.20549043055812766
0.6720800579087143
0.3584819649621839
0.3573226405492139
0.684719960586893
0.11676055338773683
0.19213385669749583
0.47548286615803736
0.9072937913912599
0.5998303702528338
0.17356152989421225
0.5706610304342383
0.5261403458652651
0.8112187194502534
0.05435099562880252
0.19158329165831434
0.8216061675001426
0.6175873711236612
0.8576962815873846
0.048883799635699665
0.8069586961677092
0.16467127220173827
0.053622216457446026
0.9206894188921737
0.04917240203242357
0.20986385492354398
0.33616321754086875
0.7719238472951507
0.05183057964230631
0.4930606532940588
0.35958475730324013
0.7220051992200824
0.6065454986034327
0.20865865954561913
0.05342890302159431
0.5786187791320508
0.735119517775156
0.8027399375921375
0.5551106684543273
0.14450496883623698
0.7167407761566726
0.3868529515152941
0.3739873361900913
0.39970969757441677
0.22282671687840783
0.03343577298477585
0.132268180519586
0.9635026483694994
0.7666991863358364
0.0978099680244533
0.11582729232694022
0.9481765341742665
0.5160957314739213
0.4978053781357513
0.9119277627378722
0.43119829117330144
0.013590878582462884
0.5744596722045504
0.6110602035029522
0.29269095690224245
0.5033228635272509
0.7558691308897982
0.4065447194113968
0.09198282104645294
0.3719903403172127
0.751149587994936
0.9382400211916672
0.9899682313677978
0.6779048651711601
0.4125999112443405
0.39564908837105994
0.4632822955903998
0.8639545028926809
0.7215428313683271
0.22090612561786638
0.701799329329654
0.5286550692483253
0.5769503516219763
0.23357447337420834
0.13272309473841315
0.564034745794955
0.1958449842493779
0.13688090070404546
0.4725443282667873
0.059919284344436496
0.9705993297179365
0.6589568351129589
0.07239902048496716
0.12125434624402864
0.5706406416237432
0.03285243491151202
0.09286867104613117
0.1484225413884518
0.9246990578231934
0.12553446295161808
0.22102177440601178
0.190082522737117
0.47462118131604614
0.28877471934669485
0.22550312829158004
0.6938782147557274
0.7529038133247974
0.9237806661614055
0.6347359554605899
0.3524362397053732
0.9034848179021406
0.8266155277578491
0.21880909954570538
0.7703903292792996
0.23896164193237646
0.6129000565937214
0.7573798882023149
0.362741108092567
0.3072902890684037
0.9079839698131321
0.7839303565990882
0.23568089648000445
0.22715041360850463
0.5327199094061003
0.6109734611440588
0.7980826756860949
0.24354552645609073
0.6151684610787783
0.9613122764828156
0.5051730094643242
0.5538392423769064
0.4150077941570609
0.9572143524595927
0.4454792706455295
0.45931223462039616
0.66011685521919
0.052370226292587696
0.4479611449198784
0.808456672337946
0.36374677661947596
0.7307636215998554
0.008307610102690766
0.5156079909125724
0.41588948928825187
0.4420879759766292
0.6116999753521508
0.6621469316380122
0.7238992867711239
0.2951023792837162
0.9639126278510902
0.3173868867722984
0.31511673117149464
0.4883275702878538
0.23344293882669465
0.7523953363472812
0.6081911097742417
0.32174022386826606
0.6544324871295705
0.16238004756716706
0.009992100423379946
0.9036319309132476
0.7434616234912501
0.3619042279488549
0.10144657305099691
0.34355713420676137
0.9428702548697335
0.17207728243448184
0.9383324696029456
0.30530131450711473
0.7190774898134955
0.38000060835014493
0.41200624470566616
0.2830599316823482
0.01644346418230136
0.21813105970120228
0.19023612677944113
0.859524949795216
0.4955369803582873
0.2848568337677556
0.4897585218742454
0.5063345023367903
0.16924258696658545
0.7074641710959351
0.8198704819826735
0.1953491359386348
0.8909613835779174
0.1348054345391898
0.8803160740749882
0.20347495883755595
0.6462300233978188
0.8393621536689414
0.9969202355225975
0.01426307317033948
0.7524025982967911
0.8070295637736634
0.8348686318993075
0.14627137278674107
0.8806105482201406
0.197831869886961
0.6422276046883533
0.07118346202411552
0.2800360983088275
0.971910089741286
0.9452433915903424
0.12393669832163845
0.7066046641377967
0.7925075457868204
0.44215555341115864
0.4526193880379943
0.3365225343416298
0.54131066354954
0.8237039968574015
0.6076549123912038
0.37965598849685656
0.9113852578726945
0.38620547984022446
0.3277986251094037
0.1985686991110227
0.5790820973812842
0.5970196441450676
0.44473076169022874
0.4861039819889831
0.39866734000434256
0.22242062679106822
0.5985366285150043
0.45771979190890144
0.9120671687763725
0.23433551857433454
0.6331232533941791
0.0743533020317465
0.22099802133615132
0.4751061410241725
0.12362935822301824
0.027413715898572777
0.929887238385181
0.9783756522891448
0.47714328712709286
0.5895709181936634
0.4353712673654092
0.9193976200080658
0.44355140467669074
0.4633288602727923
0.3117917445220696
0.39950950928324525
0.6750973790409781
0.44394235427484163
0.9219922916118365
0.6572087219474883
0.18124041611565955
0.05405655493409489
0.6688520141011345
0.8422138131238255
0.13965835972684448
0.3045182912689589
0.4953739856582744
0.18908971498362126
0.5447493964714213
0.3891295380939156
0.33978057994214805
0.2834603330509885
0.6017442443271703
0.4306826201459727
0.2569493699961124
0.12652762330342926
0.6075476270345073
0.36143772130764185
0.8286571534564
0.8725614503433217
0.2986868494739312
0.6432735586608997
0.30248148476870906
0.43921980881219014
0.2922520566010436
0.8110620931531974
0.6228426736683347
0.6720043917919716
0.2974711244539968
0.7573885709507772
0.147551800504643
0.3818517429638124
0.23356996545037068
0.26755870917197233
0.379362544329794
0.36880545298459233
0.25382645085105426
0.5609048605873326
0.48440863498927644
0.4949104572257238
0.9462343380794623
0.4977234677186644
0.7180403087194095
0.9759154782211796
0.6579513623536033
0.6707463472108316
0.13345658931124083
0.32406503026996025
0.9737131300254336
0.8158689413360153
0.1096632389623996
0.7932080762253529
0.8676527974171522
0.8489283535202454
0.3026683178689744
0.7526450415736952
0.9434737966466493
0.36364501383287184
0.5974607243848691
0.14758117537142645
0.47968110550215926
0.6104116503526862
0.518199891243081
0.09174841657606214
0.7045841276326917
0.8164338699752341
0.34017694318844527
0.6817041202971469
0.8400421207415255
0.2047965725371904
0.8394913125887979
0.3225101667692183
0.9734309115758937
0.2233512295297535
0.2150191564447651
0.21094062304979666
0.7440675610120872
0.30388889050870393
0.22213267904454415
0.1350626526583757
0.16333730301133842
0.93788455883386
0.9687625051986195
0.41797936085360854
0.6270249247028806
0.9771683813353452
0.14177801819740954
0.6587194019599727
0.32386063232487317
0.8461999057628196
0.6552930445600408
0.9047035096722466
0.7960482847156616
0.7871916127814454
0.8423877604881381
0.027912850202390205
0.3655514638808107
0.3501483520382205
0.3478697987165915
0.3708299849247586
0.5041710402317411
0.08695989151002714
0.822080856866923
0.17841819256057712
0.9959553074927382
0.81200343817555
0.36438750369091444
0.9388503267292679
0.9172419438242336
0.8512840455094075
0.41987821038772144
0.5183938407488619
0.04263839208613884
0.41796081578567834
0.49392087392886874
0.8948036508555198
0.27450582952822955
0.6241767757807531
0.6166183490960224
0.3687700405039611
0.08901858630127635
0.6674313856703643
0.962832052092728
0.364413863530872
0.7936300241718593
0.4143042101183706
0.41332677792977646
0.3175170897062004
0.5987825396089235
0.945159005063246
0.12872223460696008
0.6941214942256204
0.12095780052553895
0.6205278038014899
0.40032019775874106
0.8823239303599935
0.9546708662948634
0.8831943726337188
0.14050863314216444
0.5565419645826365
0.3777701451450034
0.3195678102473931
0.3803267536104685
0.12621878544959542
0.08741191689452099
0.4697558989336821
0.052908472389841754
0.04988150443397876
0.10333722181716243
0.49781956330219435
0.1589037609785119
0.12066297896962408
0.6205858625761072
0.11200914855281496
0.1336107298281577
0.3108415123399113
0.6455403340978078
0.05935383147202522
0.8654339754035268
0.4006490364516585
0.7072003001553062
0.10979605654313451
0.3514172060726639
0.4105432197935044
0.7998462521379417
0.6921325677273179
0.4179816977606525
0.8063344650567328
0.983758350731247
0.2473448869803061
0.2836340114917508
0.5530035980872814
0.7474146700348578
0.9244711289184268
0.9952901008188166
0.35574248191838387
0.31760078000175607
0.45999266521368376
0.9309950055267303
0.8456935399706402
0.5931201746170013
0.953778474699794
0.6292008534385085
0.04306085883807542
0.2733032995121476
0.7829508356057105
0.1783979242190341
0.1617101566147674
0.05427019970389746
0.07960629334103098
0.28077725661031183
0.7070701296659146
0.47391030122406475
0.03914576455394958
0.8897349484512643
0.8630937973306765
0.10079984756127758
0.8230386015750232
0.013412466889643149
0.36423244022719214
0.28278619210921074
0.9731651311690178
0.8750987091749026
0.40482158040302696
0.5977250888455907
0.06445283291665682
0.12620364145037388
0.65097238398521
0.4818657376166742
0.7883415944336959
0.21864504254715877
0.0890082287498688
0.25063552823183655
0.7816837455354362
0.36087357286220345
0.26968084253060687
0.8720845732681076
0.294004846271711
0.7053936626131189
0.48884582740761606
0.40500795644626575
0.22062155899636238
0.5455207744743322
0.5829733305498392
0.971771047360304
0.11993341699972304
0.33524819111554505
0.31181355732171545
0.5001218684473009
0.5802751964669266
0.2884796664666861
0.7507339612205728
0.23878090420671783
0.7050374096462391
0.16251657050745427
0.7216885977592179
0.22835850375235034
0.5443323024749082
0.5855716073844051
0.054476300718645954
0.492155710127156
0.01730346255575843
0.9492132773980867
0.3888897808149435
0.7006641341684547
0.2412469947712177
0.4540285925802027
0.3035523097407484
0.459086598672407
0.21203310931129404
0.3704244742661016
0.7886847805455142
0.16895946039824006
0.4648867000075102
0.9563702079181146
0.4677407375850202
0.6229643937552307
0.6854060514604103
0.7600174645165447
0.5167924276535235
0.10627579062505399
0.23776941176241928
0.227515801724274
0.9307462337489412
0.7982973518983484
0.23039899898785987
0.6349756110671679
0.6419113271368927
0.6953996911854068
0.04892243005349228
0.36841244098649284
0.009140192409430203
0.10827796225046327
0.25209221241815083
0.48663989727613133
0.36470584083445734
0.026807162412200825
0.3483938985169375
0.319460607337704
0.6312747959101983
0.2907797550083123
0.2493939619068719
0.5771386703762768
0.5027811114717347
0.5566685752714573
0.1304485783718734
0.0770180870663334
0.32070160789740154
0.5085656686544862
0.020215238369781452
0.7292864407542007
0.5711778101583059
0.6257055783382144
0.687478869877385
0.8662640479415636
0.8786255340281266
0.08948905330888768
0.29712496926139187
0.34823326978873337
0.47791830629250487
0.08968159071391568
0.8666623043322427
0.1337040923726821
0.4099259404770108
0.8724685551297624
0.7705177685782512
0.16314589525853407
0.10413539631026358
0.36230648693393697
0.4113971357237761
0.4725976463911252
0.5872757556161093
0.08501826453597627
0.7063248536782625
0.42720171725147826
0.2883147314402613
0.4213373353367277
0.21954674098569715
0.8445891072737627
0.29788995021253895
0.9281141869219575
0.6152999424244079
0.5641772480709617
0.9841822224632607
0.5786560567135366
0.6005244654219473
0.7108236399094556
0.06743489952184656
0.2941785005933657
0.6809109495087302
0.4999118734003142
0.6117677628034506
0.06510548473058864
0.8632501214452609
0.9358292905965927
0.9056292552118314
0.29396259353968035
0.9028688856830066
0.16692835685709595
0.8711765852025842
0.7308649110095181
0.8170091885916542
0.5774463605277012
0.4680683147825042
0.5181104704316392
0.16332530774319276
0.9204914939920151
0.538599153720478
0.4121463653899279
0.01724619863101251
0.9260853872738721
0.6788025685709804
0.2091834395033355
0.6727693728167793
0.8543857741695294
0.014091286292266525
0.7649931240418124
0.8383233611855676
0.40659499690006284
0.20820204692854027
0.7699274546400656
0.5026559565588502
0.25469368735287223
0.6406554021354026
0.6169613755767483
0.7052759062258551
0.20602093777111197
0.4506373786266489
0.2835645215206346
0.1617958664542446
0.6798558099020482
0.0641544029722807
0.13746651547384803
0.0665950274925915
0.7405374022173369
0.8965091607274313
0.971889178056765
0.4235395874798672
0.4052936433058639
0.15358922392250274
0.3775751256292518
0.940070238490188
0.3248318949654869
0.043156662734102236
0.7669514207254118
0.8607856881820972
0.22087697325589029
0.2512714512719595
0.9800241316968942
0.11372168982421127
0.6572252536928213
0.23917710017839666
0.42210731800462664
0.7958452573681173
0.819516536718907
0.7724222292372579
0.11024829188686847
0.3338544010895437
0.9838073728049268
0.10668696984707804
0.8382184813430992
0.6221934622132073
0.2651634738430838
0.4237286666681541
0.9091970107002252
0.06226511254374223
0.054870615774656906
0.4360563614296058
0.5307819254466627
0.7051396203345672
0.2784968366421847
0.5603890030594256
0.01872224966471725
0.6346332403857718
0.23692166830848205
0.6976477601407807
0.4137710040241509
0.3184468989854563
0.32858019170879826
0.45117778206774484
0.980318193274202
0.9021273337786095
0.39355340789570015
0.5650904711672852
0.32596937745898824
0.32393311587659734
0.7687688049677149
0.4710623291578907
0.5579945390537593
0.6882578543342203
0.39845765376550724
0.09462190482045707
0.9755786612959986
0.5510836430199271
0.5051486468861308
0.4909017145186355
0.28606397309568965
0.6430079965743667
0.39386049946724555
0.45502711401453433
0.22888133203020267
0.08370773163944634
0.935788147358256
0.9837596096313516
0.7926258415494808
0.32627352654794706
0.1576611591540552
0.352707532380065
0.9187401872876011
0.9106696395238637
0.14908446767222694
0.6173618535532274
0.6995264676521996
0.6026428281271006
0.1925557243114432
0.5464105952043645
0.5987151694749134
0.6477256478977859
0.6194850474135484
0.352230710992842
0.14957810243065506
0.6795488270667696
0.4004269184731861
0.09615107975000503
0.918579438584136
0.2874984162413746
0.8888659478438043
0.31502627316153875
0.26181723433327175
0.3708233937540918
0.4552814031282759
0.24085557147173609
0.5470154212725017
0.18461950136490357
0.9718483233035708
0.9666269015219617
0.06558385104224762
0.417686080996826
0.2380155062944852
0.049261540883334676
0.817272416429902
0.7330719734558718
0.47333387907659374
0.3344795006933202
0.7142024904826436
0.9491981330533115
0.9462909791163263
0.23860184899891634
0.5215667451246737
0.4427636201289823
0.656541027243778
0.3287511406551368
0.029046920148141253
0.4142129740526528
0.7428017041170462
0.805606173550785
0.5300058835787801
0.37236263394373714
0.9498226809204378
0.4118132540932985
0.674769140199081
0.566854700603497
0.05521292320952531
0.364350717800738
0.1598178725370929
0.12542660969608688
0.6305470631292238
0.14058948944591054
0.5164742737810376
0.3375554812662912
0.8910539463486301
0.33548713535335883
0.4706669424929052
0.8668562775623071
0.6743227761759861
0.3512986466584499
0.9596224796038009
0.6716834249402902
0.7808458716769793
0.38138224885505057
0.9118369983116699
0.06670525288695484
0.007849247010665583
0.00612390286558695
0.3234391745575331
0.6677919624012318
0.21274522589261236
0.7316996077460535
0.9970639995726409
0.9283768487134696
0.653674129716598
0.9713395240411749
0.5486148429670071
0.5975220571717935
0.6719851227457463
0.29395409787074833
0.9327983809815126
0.7082395373230754
0.5051384602353615
0.2464263070866778
0.7900755637984997
0.639188595434549
0.6483950197564601
0.6935711473023891
0.3756790483626331
0.38369196531951644
0.7197911966246123
0.4137071346640515
0.6956056739812781
0.4070819060910903
0.22528023147624032
0.6379813314056367
0.7450000424298259
0.37670902656889627
0.9695541858252023
0.3280336711765116
0.4211036619053511
0.6085160959531625
0.11294268916715877
0.2492821524610317
0.7659510109636197
0.2899000241920252
0.03591888476121485
0.31605584297352307
0.6832527167080011
0.41065500960844203
0.24012394875942322
0.25999770001723166
0.16941297647469555
0.8621104631714465
0.4884561524206986
0.40460466179686905
0.40038690075090266
0.34914749149622815
0.2666519295104923
0.2164678108329613
0.7240904878272867
0.6005983185060312
0.43492007566228474
0.3477204741283877
0.7223346018683368
0.8606027075816123
0.6305724075782363
0.08439796356571805
0.02676141193433912
0.7968165365421522
0.5812274955727538
0.4718572774126203
0.5000200316226344
0.7709373457244274
0.9930466351726267
0.9011009533744797
0.726425699867332
0.8828324877544541
0.08959410026319292
0.6087945227132892
0.49560455280722915
0.32162539997747797
0.1942964745768856
0.3689616933521639
0.10813433133849881
0.3354160764511659
0.9731087434782273
0.6357878866924539
0.8839485055759011
0.5658821716458363
0.08387787381019296
0.5346565679346965
0.21227967504080136
0.5848273225345229
0.015026668641451524
0.3924897991719134
0.846175427197303
0.21681357232131782
0.838564497905979
0.9486581264088947
0.9151284166493331
0.6353352772534352
0.4510634988772205
0.9941714848371861
0.30611914854883626
0.27956201154663196
0.631122230819189
0.9495571600642098
0.646378686850277
0.3544986484947147
0.9029708886987659
0.8107773276953765
0.11043593802045004
0.04948011078551573
0.7632561756720331
0.9677323625146712
0.6695220271110316
0.6382403626284475
0.30167507950460315
0.6313431603850678
0.20316198967791377
0.3083634443969565
0.6260112930347035
0.9928997731982658
0.10079202672330634
0.9087465204102092
0.7882597537620994
0.7833094732140634
0.5954982400916243
0.8007737653566519
0.10090774615702569
0.600072762373641
0.09248052960312247
0.6522214151621665
0.8310744374707472
0.22626089915395953
0.18160341417752468
0.3224836258511683
0.2650925473329431
0.17846385610111315
0.8564028196964255
0.9535297785409188
0.0472495850136897
0.8896232751411732
0.701176576651039
0.0030739473454932664
0.5137883731481249
0.2578597332225757
0.4532929293434049
0.2347574378263847
0.46689954383598387
0.7738494645500551
0.3996105737283413
0.6147157259209279
0.4633212545513071
0.07700067047554593
0.523910367691519
0.6547217065017779
0.22829500244472156
0.5846250847255211
0.1864973958066991
0.9891668239869823
0.24800785303746264
0.7884955516891087
0.387639599774834
0.8764626995095601
0.9422857093875605
0.9196257342227615
0.3432670022204062
0.8750156376612512
0.07418394692702335
0.944803814054543
0.18436343178864645
0.15974694710747983
0.21425501455072615
0.27735645385953145
0.08074052704533519
0.8172024344587409
0.14465545742744101
0.15981557407826008
0.9853914618136423
0.98561434224739
0.06188741531380282
0.40760518759193387
0.4973795039061698
0.8908497855061726
0.31685276674338003
0.09056106034067934
0.04922510169584937
0.6699998326538574
0.21703032362625108
0.7730411933860362
0.7390117977913523
0.3714334010127964
0.10797018691304994
0.13358072232854035
0.6479402026767689
0.6734611830979012
0.5499312588947117
0.1414896113026881
0.4108162767105753
0.6733243834313091
0.9103713688898745
0.4804873585311157
0.13996860421542534
0.5640437347551329
0.10413194351635147
0.5784138020695536
0.542346635528373
0.13873455721769445
0.5305421603697174
0.42725110407659994
0.21505992916936478
0.8403138373209241
0.48030018557234877
0.3591361492676636
0.6563763079510921
0.5090956884579078
0.41487197755434313
0.0817391798926832
0.4872046244013757
0.07159182861781055
0.5572810925719978
0.5703290799675341
0.7423452291780848
0.16090408190686611
0.1755452366042367
0.8640409530949428
0.8612999350574104
0.06241606600440375
0.7886488956423003
0.42030740672409017
0.18519003501711895
0.4380617933907607
0.279823604497655
0.4441100839271913
0.3493396104168056
0.998269070585535
0.563040250050692
0.5276529634544745
0.9503387207451658
0.6627456992489948
0.016000965226322217
0.01125480814631341
0.261908843295766
0.7795972959834834
0.3665507459411861
0.7077031820003684
0.5756511592500465
0.6568354745022472
0.09931165987896684
0.0200075117775409
0.9507656059836578
0.0011553666031739462
0.7354755324244849
0.026434663855288254
0.7710866730974519
0.8559322057107028
0.531073784784403
0.8069050271123088
0.5282897878355277
0.2837065281191983
0.23767554303318472
0.14127299897771384
0.6768798439919786
0.34799826552585866
0.5743486501577357
0.7227108143252224
0.23958109633472036
0.9151100582599946
0.970850307639007
0.19836005753386687
0.08100594054121246
0.41865030155981553
0.9593973713081105
0.6746103160212469
0.41298719380423343
0.00782737316645854
0.315998890997249
0.8058101778543469
0.1467170956374355
0.43513603363068776
0.682216343052098
0.22291061183674632
0.16484327744984195
0.6298776444555488
0.9343500100706108
0.8524862603816086
0.45093057711308737
0.15102660024933545
0.009432353324294374
0.626775787065354
0.28420440355028065
0.6162744909028032
0.24604259462610978
0.19182712383726075
0.38425035003978114
0.7636554240775307
0.552838974870523
0.4835292839933315
0.9733514878060312
0.017974775941168142
0.8788382679403337
0.46025754316810397
0.21340314766713386
0.3063348529350256
0.526855192180892
0.8560541209241774
0.3698528265543871
0.39537099293366984
0.8251464831155201
0.5497117518051817
0.35687042073456754
0.20738192606524264
0.5521877907893833
0.032822836173009184
0.025961824993184446
0.41335833647255527
0.29564427612945476
0.5038023865883058
0.6744972256901458
0.09798451478647496
0.6189783990420057
0.3150879004494477
0.7711323375366149
0.4450075020781764
0.5077712593629647
0.8571652481083988
0.8218595780117969
0.20093894136915813
0.072716880823538
0.4757639855229513
0.6334332228669232
0.14087506505888692
0.897381406946067
0.6875119367765011
0.9701711449004712
0.8822905413329366
0.7362019022896713
0.7845334658886789
0.7456427364944425
0.17098204132096761
0.49183284426241636
0.8999210875490733
0.4425109749039392
0.19790820594886327
0.530830199731222
0.7437063252609915
0.41180456455544634
0.5964922052183691
0.43279694708395333
0.5128996005167668
0.06715302698206882
0.5170243477887118
0.21049573669567345
0.9293656434469958
0.760026546343365
0.5781214899376061
0.8870677913120409
0.9657452682891295
0.2987792636275127
0.5547714080631271
0.07137983790846447
0.582330021691755
0.657303151695364
0.3783094420105628
0.8336534003580242
0.7167418025016487
0.4083570332997416
0.39574616232607995
0.7509139277035356
0.8434641145969881
0.8121432599187348
0.8641841821104137
0.46543003230517577
0.6517177572351418
0.2924624695334527
0.34063315935418603
0.4791955656247805
0.7778685745508204
0.2407844032366424
0.9683521193949021
0.19364063350999716
0.07250028461867619
0.7028308480461246
0.6579184827231317
0.3961396974805572
0.5824807183314363
0.5227744924464565
0.8145436107818597
0.49351885724703093
0.2847953470658966
0.9469151598191713
0.5727250581310585
0.7976457027541974
0.6216168865460718
0.5217027763660792
0.4651457602671446
0.0793196622964435
0.055025343767682866
0.36023445987565594
0.07480089715682292
0.42406192568467005
0.1849882004489687
0.49686061317724173
0.4976537061320746
0.14703813594769555
0.4556555449230192
0.10129278034243905
0.3776911950291799
0.15422899362665354
0.11272051543637285
0.7816140064068564
0.8670717178104023
0.6730973700540435
0.868540507397834
0.0698502345749481
0.11112608287673931
0.7183826786816017
0.6819101043988475
0.4542685954141067
0.7612950106776544
0.0072868185443510924
0.1658218429419509
0.9993273319004403
0.5786547061655847
0.2931980904967938
0.39924628001091456
0.6772085837377858
0.4065041295241044
0.24823265793095217
0.3379083859940386
0.024124032900399883
0.6625571392217596
0.09225621699427577
0.5942320048505575
0.6300910178778818
0.029602384291105732
0.13968066279862834
0.08807022906224826
0.2726342593141342
0.20806564946111827
0.3152139527261705
0.9575340784082077
0.21287631127005313
0.4347282409861196
0.47587384051976034
0.16317776956797414
0.28673785787078987
0.9689259942092998
0.0689591755106479
0.4189938679213624
0.9444764781810584
0.9008737101497101
0.25430515091620465
0.4401169455677828
0.3185505160650165
0.44633034569070984
0.12403172047239097
0.009829911324136464
0.732802396966877
0.35763973426958684
0.06412719003450118
0.03741207991242912
0.8052135323259483
0.20325327957790817
0.6195919239005546
0.6035637839309863
0.4419910831338444
0.046160175308513574
0.448499782153156
0.9715874432027779
0.5725040652546048
0.4862215509623564
0.08021768290560372
0.6802001920654631
0.4325945822171847
0.12222548569754998
0.2291568152962199
0.12779887314516303
0.5680477420276372
0.2365493688094077
0.35781130840725406
0.5081929013200686
0.500511321356232
0.9086373733888005
0.031473554944550175
0.5642666426223915
0.174914377302391
0.8230702429357788
0.3618976613272874
0.3887273508993615
0.8904416115371071
0.7538255517697191
0.4983157488672353
0.42004080232421237
0.4063782878404437
0.07839657068000416
0.6915944546386914
0.8568515840841321
0.30964813193156504
0.7037581010999815
0.93095164600586
0.9456304212214586
0.5326244384723215
0.4707384470860452
0.5325364272117333
0.9839865325333045
0.11780293184058432
0.44417639071194015
0.34530832429047853
0.4260276899573593
0.9401816140479144
0.49331269440719894
0.4320340560415825
0.17634684487713115
0.11870216165102354
0.22018608118509564
0.18185344286939065
0.01565842219894109
0.2748638455447129
0.6033734829917727
0.8157486543591198
0.11380378160607751
0.6296295989273414
0.6902352674943076
0.1573837763786866
0.7547899264725958
0.1690015159463808
0.29289585973263377
0.35916469357290215
0.7237210463339959
0.754150456718185
0.921511096077663
0.9970017286900437
0.28692789528544094
0.10374311329347174
0.12294328047061753
0.5771407867619913
0.33429526170450063
0.034116547650425155
0.983786043483597
0.034561072004027804
0.04673302328623219
0.2072091831786691
0.8037504848856456
0.24482055164722183
0.401931818458112
0.9066641642305708
0.8487452565984075
0.9198631906837729
0.9379891428284832
0.03927942573661791
0.6525530114312147
0.5131844852868132
0.45718785808314755
0.6419859500918211
0.5518260303550516
0.920885038443387
0.7711536110412935
